ten,twen,threefive,fifty,sixty,sevenfive,nine
46.3888888889,45.0,41.1111111111,38.6111111111,35.0,30.2777777778,20.8333333333
48.0,46.6666666667,44.6666666667,41.3333333333,40.0,35.6666666667,23.0
48.064516129,46.4516129032,45.1612903226,43.5483870968,41.2903225806,32.5806451613,21.935483871
46.9444444444,45.8333333333,43.3333333333,39.7222222222,39.1666666667,33.6111111111,20.2777777778
46.8181818182,45.4545454545,41.8181818182,39.3181818182,39.3181818182,33.4090909091,17.9545454545
46.5217391304,46.7391304348,44.1304347826,42.3913043478,38.6956521739,31.9565217391,16.9565217391
49.1428571429,46.8571428571,46.0,41.1428571429,39.1428571429,33.7142857143,21.4285714286
49.0322580645,47.7419354839,46.4516129032,43.5483870968,40.3225806452,37.7419354839,23.2258064516
46.2162162162,44.8648648649,42.972972973,39.4594594595,37.027027027,30.5405405405,18.6486486486
45.0,44.6,42.4,37.4,35.4,28.6,15.2
47.0454545455,46.8181818182,43.8636363636,42.9545454545,37.9545454545,33.1818181818,21.8181818182
44.5945945946,44.3243243243,42.7027027027,39.4594594595,37.027027027,32.7027027027,20.2702702703
49.0322580645,48.064516129,46.1290322581,43.2258064516,40.9677419355,36.1290322581,20.3225806452
48.2222222222,47.3333333333,44.0,42.0,39.7777777778,34.4444444444,20.4444444444
48.2142857143,46.4285714286,46.7857142857,43.5714285714,40.3571428571,36.0714285714,25.0
45.8823529412,45.2941176471,44.1176470588,41.1764705882,39.7058823529,32.3529411765,22.0588235294
47.8260869565,46.9565217391,44.5652173913,42.6086956522,39.347826087,32.8260869565,20.652173913
44.4117647059,43.2352941176,43.5294117647,40.8823529412,37.6470588235,32.3529411765,22.6470588235
48.064516129,48.064516129,45.8064516129,42.2580645161,38.3870967742,35.8064516129,21.6129032258
46.0,46.0,42.5714285714,41.4285714286,38.8571428571,32.5714285714,20.2857142857
44.8,44.2,42.0,37.2,35.2,28.8,14.4
47.0588235294,46.1764705882,42.0588235294,43.2352941176,37.3529411765,32.9411764706,21.4705882353
46.75,44.75,43.5,41.25,39.0,32.5,20.5
47.3913043478,47.6086956522,45.0,43.0434782609,41.3043478261,33.6956521739,22.1739130435
43.4042553191,42.5531914894,39.5744680851,36.8085106383,35.5319148936,29.1489361702,13.829787234
45.0,45.2,42.6,36.6,37.4,28.8,14.4
47.3913043478,46.7391304348,44.1304347826,43.0434782609,39.1304347826,32.1739130435,18.4782608696
48.0555555556,46.1111111111,43.3333333333,41.1111111111,40.2777777778,33.3333333333,22.7777777778
45.2,44.4,42.2,39.8,35.6,28.8,13.8
46.3888888889,46.1111111111,44.1666666667,39.1666666667,38.0555555556,31.9444444444,21.3888888889
46.5957446809,44.8936170213,44.0425531915,40.4255319149,38.2978723404,34.2553191489,21.0638297872
45.3846153846,44.8717948718,42.5641025641,41.0256410256,38.9743589744,36.1538461538,22.8205128205
48.9655172414,47.2413793103,46.5517241379,43.4482758621,40.6896551724,36.8965517241,23.1034482759
48.2051282051,46.9230769231,44.358974359,41.7948717949,38.2051282051,30.5128205128,19.7435897436
46.9047619048,45.0,43.0952380952,41.6666666667,37.619047619,31.9047619048,20.4761904762
43.6585365854,43.6585365854,42.6829268293,40.0,39.0243902439,32.6829268293,19.0243902439
46.8181818182,45.4545454545,41.8181818182,39.3181818182,39.3181818182,33.4090909091,17.9545454545
48.064516129,48.064516129,45.8064516129,42.2580645161,38.3870967742,35.8064516129,21.6129032258
44.4444444444,44.0740740741,43.3333333333,38.5185185185,37.037037037,32.2222222222,22.5925925926
49.2682926829,48.5365853659,45.8536585366,44.1463414634,40.0,33.6585365854,23.1707317073
46.9565217391,45.8695652174,43.2608695652,41.7391304348,36.7391304348,31.3043478261,19.347826087
46.0,45.2,41.6,41.6,36.0,34.0,24.4
43.3333333333,41.6666666667,38.125,35.625,33.125,25.0,13.5416666667
48.6666666667,49.0,46.3333333333,42.6666666667,41.6666666667,33.6666666667,22.3333333333
44.7826086957,44.1304347826,40.8695652174,38.2608695652,35.0,27.8260869565,16.3043478261
42.8571428571,42.5714285714,39.7142857143,36.5714285714,35.4285714286,32.2857142857,20.2857142857
44.8571428571,44.5714285714,43.1428571429,38.0,35.4285714286,34.0,20.8571428571
46.0465116279,45.5813953488,44.4186046512,40.4651162791,38.6046511628,31.6279069767,19.3023255814
47.5,47.5,46.1111111111,44.1666666667,41.3888888889,35.5555555556,21.3888888889
46.7391304348,46.3043478261,44.347826087,42.1739130435,36.9565217391,33.9130434783,19.7826086957
48.0555555556,46.3888888889,43.0555555556,40.8333333333,38.3333333333,32.7777777778,20.8333333333
49.7435897436,48.9743589744,44.8717948718,41.5384615385,39.4871794872,35.3846153846,21.7948717949
49.1428571429,46.8571428571,46.0,41.1428571429,39.1428571429,33.7142857143,21.4285714286
47.5757575758,47.2727272727,45.1515151515,43.0303030303,39.3939393939,31.8181818182,22.4242424242
47.6666666667,46.3333333333,45.6666666667,44.0,39.3333333333,36.0,22.0
42.3529411765,42.3529411765,40.8823529412,37.6470588235,36.4705882353,31.1764705882,20.5882352941
49.0322580645,48.064516129,46.4516129032,44.8387096774,43.2258064516,37.4193548387,20.3225806452
48.064516129,47.0967741935,46.4516129032,44.5161290323,40.0,35.8064516129,21.6129032258
46.0869565217,45.4347826087,41.9565217391,39.5652173913,38.6956521739,30.2173913043,17.6086956522
46.3888888889,45.5555555556,44.4444444444,40.0,38.0555555556,33.6111111111,20.8333333333
46.8181818182,45.4545454545,41.8181818182,39.3181818182,39.3181818182,33.4090909091,17.9545454545
42.0,41.4285714286,39.1428571429,37.4285714286,36.0,30.2857142857,21.7142857143
47.6315789474,46.5789473684,44.7368421053,42.6315789474,38.4210526316,31.8421052632,21.0526315789
44.5454545455,43.1818181818,40.9090909091,36.1363636364,32.2727272727,26.8181818182,13.8636363636
48.6956521739,46.5217391304,44.7826086957,41.7391304348,38.9130434783,30.652173913,21.5217391304
47.7272727273,47.2727272727,44.3181818182,41.8181818182,37.9545454545,35.0,19.5454545455
48.7096774194,47.0967741935,45.1612903226,42.2580645161,38.064516129,34.1935483871,20.3225806452
45.8139534884,45.3488372093,42.3255813953,38.6046511628,39.3023255814,32.5581395349,19.5348837209
47.2340425532,45.5319148936,45.1063829787,42.9787234043,38.085106383,30.0,19.5744680851
47.6315789474,46.8421052632,43.6842105263,40.7894736842,37.1052631579,28.6842105263,18.9473684211
44.8837209302,45.1162790698,42.7906976744,39.3023255814,38.3720930233,33.023255814,17.9069767442
44.5945945946,43.5135135135,42.1621621622,40.0,38.3783783784,31.0810810811,20.0
48.2608695652,45.8695652174,43.9130434783,40.2173913043,36.9565217391,30.4347826087,19.347826087
46.5,45.5,41.75,40.0,38.5,31.75,19.0
49.347826087,48.0434782609,45.8695652174,40.652173913,37.1739130435,32.1739130435,20.0
46.8181818182,46.1363636364,42.7272727273,40.4545454545,37.9545454545,33.8636363636,20.0
48.1578947368,47.3684210526,45.7894736842,39.7368421053,39.2105263158,33.1578947368,19.7368421053
47.1875,46.875,45.0,43.75,40.9375,36.875,19.6875
44.5454545455,42.7272727273,41.1363636364,37.9545454545,35.6818181818,26.1363636364,13.6363636364
42.8888888889,42.0,40.0,38.0,34.0,26.8888888889,14.8888888889
49.0,47.0,46.0,43.0,41.3333333333,34.6666666667,19.3333333333
48.7096774194,47.4193548387,44.8387096774,41.6129032258,40.3225806452,31.935483871,20.9677419355
47.5862068966,46.8965517241,43.4482758621,41.3793103448,39.6551724138,32.4137931034,22.0689655172
46.4705882353,44.1176470588,44.1176470588,42.6470588235,39.4117647059,32.6470588235,21.1764705882
46.25,45.0,43.75,40.0,35.2083333333,31.0416666667,17.7083333333
45.9090909091,43.4090909091,43.6363636364,40.4545454545,36.5909090909,30.6818181818,19.5454545455
47.1428571429,45.7142857143,44.2857142857,42.8571428571,41.0714285714,34.6428571429,22.5
46.3888888889,45.2777777778,41.3888888889,38.3333333333,35.8333333333,30.2777777778,19.7222222222
46.6666666667,45.9259259259,45.5555555556,41.8518518519,38.8888888889,33.7037037037,24.4444444444
48.4615384615,46.5384615385,44.2307692308,41.1538461538,42.3076923077,36.1538461538,26.1538461538
47.3913043478,46.7391304348,41.9565217391,40.0,36.9565217391,31.5217391304,19.347826087
46.511627907,45.3488372093,43.2558139535,40.6976744186,38.8372093023,33.2558139535,18.6046511628
48.064516129,46.4516129032,45.4838709677,42.9032258065,39.0322580645,35.4838709677,21.935483871
45.0,45.2,42.6,36.6,37.4,28.8,14.4
47.2972972973,46.4864864865,44.0540540541,40.2702702703,36.4864864865,30.2702702703,21.0810810811
46.2857142857,45.7142857143,42.5714285714,40.8571428571,36.8571428571,31.1428571429,20.8571428571
45.0,44.7916666667,41.0416666667,38.75,35.625,30.4166666667,14.7916666667
46.6666666667,45.8333333333,41.1111111111,39.7222222222,36.3888888889,31.6666666667,20.2777777778
46.5217391304,45.4347826087,42.6086956522,40.0,38.2608695652,31.0869565217,18.4782608696
46.9230769231,46.6666666667,45.3846153846,40.5128205128,37.6923076923,31.5384615385,20.0
45.6818181818,44.3181818182,42.7272727273,39.0909090909,34.0909090909,29.5454545455,14.0909090909
45.3846153846,44.8717948718,42.5641025641,41.0256410256,38.9743589744,36.1538461538,22.8205128205
46.0714285714,46.4285714286,43.5714285714,41.4285714286,41.0714285714,33.9285714286,22.8571428571
47.5675675676,46.7567567568,43.7837837838,41.6216216216,38.1081081081,32.7027027027,21.6216216216
47.6470588235,47.0588235294,43.2352941176,40.0,37.3529411765,32.6470588235,21.1764705882
45.0,44.5454545455,43.6363636364,39.3181818182,37.2727272727,31.3636363636,19.7727272727
49.25,48.0,44.75,42.25,41.5,34.25,22.0
46.8085106383,45.7446808511,42.9787234043,39.7872340426,37.2340425532,30.8510638298,18.9361702128
47.2340425532,45.1063829787,44.4680851064,39.1489361702,39.7872340426,31.4893617021,18.085106383
45.3846153846,44.8717948718,42.5641025641,41.0256410256,38.9743589744,36.1538461538,22.8205128205
47.2413793103,45.5172413793,44.8275862069,43.7931034483,41.0344827586,38.9655172414,24.8275862069
45.625,44.375,42.2916666667,41.6666666667,38.3333333333,31.6666666667,17.7083333333
47.1428571429,45.4285714286,44.0,40.2857142857,38.0,32.2857142857,21.4285714286
48.5714285714,47.5,44.2857142857,43.9285714286,41.7857142857,35.3571428571,23.9285714286
48.5,47.0,43.25,41.25,37.25,32.25,19.5
49.6875,48.4375,47.1875,43.4375,40.0,34.0625,19.6875
45.9090909091,45.2272727273,42.2727272727,38.4090909091,37.0454545455,30.4545454545,19.5454545455
45.5813953488,42.7906976744,43.2558139535,40.6976744186,36.976744186,31.8604651163,19.3023255814
49.5,49.0,46.25,42.25,39.0,34.5,20.75
48.064516129,48.064516129,45.8064516129,42.2580645161,38.3870967742,35.8064516129,21.6129032258
48.064516129,47.4193548387,46.1290322581,45.4838709677,40.6451612903,36.4516129032,20.3225806452
46.7857142857,47.5,46.0714285714,43.2142857143,41.4285714286,37.8571428571,24.2857142857
47.1428571429,46.0714285714,45.3571428571,42.5,40.0,32.8571428571,23.5714285714
46.7441860465,45.1162790698,43.488372093,41.1627906977,38.6046511628,32.3255813953,19.3023255814
49.2682926829,48.7804878049,46.8292682927,41.4634146341,41.2195121951,34.3902439024,21.4634146341
48.0,47.6,47.2,44.8,42.0,36.0,26.4
42.4324324324,43.2432432432,40.5405405405,41.0810810811,34.8648648649,30.5405405405,19.7297297297
47.2093023256,46.2790697674,44.4186046512,44.1860465116,40.2325581395,34.6511627907,20.2325581395
46.8181818182,45.4545454545,41.8181818182,39.3181818182,39.3181818182,33.4090909091,17.9545454545
46.0526315789,46.5789473684,44.4736842105,40.2631578947,37.8947368421,32.3684210526,20.2631578947
48.2608695652,47.8260869565,46.0869565217,43.0434782609,41.3043478261,35.0,21.5217391304
43.9130434783,43.4782608696,41.3043478261,37.3913043478,34.5652173913,27.8260869565,16.9565217391
47.7419354839,47.7419354839,45.1612903226,42.2580645161,41.2903225806,34.8387096774,20.9677419355
46.6666666667,44.4444444444,43.3333333333,40.0,38.5185185185,34.4444444444,21.8518518519
49.5,49.0,46.25,42.25,39.0,34.5,20.75
48.1578947368,47.6315789474,45.5263157895,43.9473684211,39.4736842105,36.5789473684,20.5263157895
46.6666666667,45.8333333333,41.6666666667,41.9444444444,37.2222222222,30.8333333333,19.1666666667
47.1739130435,45.8695652174,45.0,41.0869565217,38.4782608696,32.6086956522,18.2608695652
48.2142857143,47.1428571429,47.1428571429,43.5714285714,42.5,37.1428571429,24.2857142857
49.25,46.75,46.75,43.25,40.25,33.25,20.75
45.1282051282,44.8717948718,42.8205128205,42.0512820513,39.2307692308,34.8717948718,22.0512820513
43.6,43.6,41.2,37.0,35.8,28.2,15.4
48.2142857143,47.1428571429,45.0,43.9285714286,43.9285714286,37.1428571429,24.6428571429
48.3870967742,47.0967741935,46.7741935484,42.5806451613,40.6451612903,34.5161290323,21.2903225806
41.4583333333,41.0416666667,40.0,36.25,32.5,26.25,13.75
46.8181818182,45.4545454545,41.8181818182,39.3181818182,39.3181818182,33.4090909091,17.9545454545
45.0,44.7368421053,42.8947368421,39.2105263158,35.0,30.5263157895,19.7368421053
48.8888888889,47.4074074074,45.5555555556,45.9259259259,41.1111111111,35.1851851852,24.0740740741
48.064516129,48.064516129,45.8064516129,42.2580645161,38.3870967742,35.8064516129,21.6129032258
48.064516129,48.064516129,45.8064516129,42.2580645161,38.3870967742,35.8064516129,21.6129032258
46.8571428571,45.4285714286,42.5714285714,41.1428571429,38.5714285714,32.8571428571,23.7142857143
46.6666666667,46.1538461538,42.8205128205,41.7948717949,38.7179487179,32.5641025641,23.0769230769
46.3829787234,44.4680851064,42.5531914894,40.2127659574,37.4468085106,32.1276595745,16.8085106383
47.1052631579,46.8421052632,45.7894736842,40.2631578947,39.2105263158,34.4736842105,20.7894736842
49.5,47.5,46.0,41.25,40.5,35.0,21.25
49.0322580645,48.064516129,47.0967741935,44.1935483871,43.8709677419,36.4516129032,20.0
48.9743589744,47.9487179487,45.641025641,41.7948717949,39.2307692308,32.5641025641,22.0512820513
46.4285714286,46.4285714286,43.9285714286,43.5714285714,41.4285714286,36.7857142857,22.1428571429
47.5,46.6666666667,43.8888888889,40.0,37.7777777778,31.6666666667,18.6111111111
45.641025641,45.3846153846,43.8461538462,42.8205128205,40.7692307692,35.641025641,23.3333333333
47.3684210526,46.8421052632,42.8947368421,42.3684210526,38.1578947368,31.5789473684,22.6315789474
46.7857142857,46.0714285714,46.0714285714,43.9285714286,41.7857142857,36.4285714286,25.3571428571
46.7647058824,45.0,44.1176470588,41.1764705882,39.1176470588,31.4705882353,20.8823529412
48.5714285714,48.2142857143,44.2857142857,43.2142857143,39.6428571429,35.3571428571,23.9285714286
45.0,45.2,42.6,36.6,37.4,28.8,14.4
48.5714285714,48.5714285714,47.1428571429,42.1428571429,40.7142857143,33.9285714286,21.7857142857
47.2340425532,47.4468085106,43.829787234,40.0,38.7234042553,33.1914893617,19.3617021277
48.6111111111,46.3888888889,45.0,39.4444444444,36.1111111111,32.7777777778,20.8333333333
46.2962962963,45.9259259259,44.4444444444,42.2222222222,39.6296296296,33.7037037037,23.3333333333
47.8571428571,46.0714285714,45.0,42.5,41.7857142857,37.1428571429,25.3571428571
48.064516129,46.4516129032,45.4838709677,42.9032258065,39.0322580645,35.4838709677,21.935483871
46.7391304348,46.9565217391,44.347826087,41.5217391304,39.347826087,33.0434782609,20.8695652174
46.7567567568,45.4054054054,44.3243243243,39.4594594595,36.7567567568,31.3513513514,19.1891891892
48.064516129,47.4193548387,45.8064516129,41.935483871,39.6774193548,32.2580645161,21.6129032258
47.037037037,45.1851851852,44.0740740741,43.3333333333,39.2592592593,34.4444444444,25.5555555556
48.7096774194,47.7419354839,45.1612903226,41.935483871,41.935483871,35.8064516129,22.2580645161
49.1304347826,48.9130434783,47.1739130435,43.4782608696,41.0869565217,33.6956521739,21.7391304348
49.1428571429,48.5714285714,46.8571428571,44.5714285714,40.2857142857,35.4285714286,20.5714285714
46.976744186,46.2790697674,43.023255814,40.4651162791,37.2093023256,31.6279069767,19.5348837209
46.8181818182,45.4545454545,41.8181818182,39.3181818182,39.3181818182,33.4090909091,17.9545454545
46.25,46.25,45.0,40.5,38.0,33.25,22.0
45.8695652174,44.7826086957,42.8260869565,40.652173913,37.6086956522,31.9565217391,21.0869565217
48.0952380952,47.8571428571,44.7619047619,41.4285714286,38.8095238095,32.1428571429,19.2857142857
49.1428571429,46.8571428571,46.0,41.1428571429,39.1428571429,33.7142857143,21.4285714286
46.3888888889,46.1111111111,41.9444444444,43.0555555556,36.3888888889,33.3333333333,20.0
46.3888888889,46.6666666667,42.7777777778,41.3888888889,36.3888888889,32.5,21.3888888889
48.8461538462,48.0769230769,44.2307692308,43.0769230769,41.1538461538,35.3846153846,25.0
48.275862069,46.8965517241,47.2413793103,42.7586206897,38.9655172414,38.9655172414,22.4137931034
48.3783783784,45.9459459459,46.2162162162,41.6216216216,39.1891891892,33.2432432432,18.3783783784
48.064516129,46.4516129032,45.4838709677,42.9032258065,39.0322580645,35.4838709677,21.935483871
48.0,46.4,45.6,43.2,38.8,36.4,24.4
48.0769230769,47.6923076923,45.3846153846,44.6153846154,43.8461538462,35.3846153846,24.2307692308
44.8,44.0,41.4,37.6,36.0,29.8,15.2
49.0,47.6666666667,47.3333333333,44.0,39.6666666667,35.3333333333,23.0
44.8780487805,44.1463414634,42.6829268293,39.512195122,38.0487804878,32.6829268293,20.0
44.1860465116,44.1860465116,42.0930232558,38.8372093023,36.2790697674,30.4651162791,19.5348837209
49.25,46.75,46.75,43.25,40.25,33.25,20.75
46.6666666667,44.4444444444,43.0555555556,39.4444444444,38.3333333333,32.7777777778,20.2777777778
48.064516129,48.064516129,45.8064516129,42.2580645161,38.3870967742,35.8064516129,21.6129032258
47.7419354839,48.3870967742,45.1612903226,42.5806451613,39.6774193548,34.5161290323,21.2903225806
48.6486486486,47.027027027,43.2432432432,39.7297297297,39.7297297297,34.0540540541,21.6216216216
49.0322580645,47.7419354839,47.0967741935,44.1935483871,42.5806451613,36.7741935484,21.2903225806
47.1428571429,47.1428571429,43.7142857143,42.5714285714,39.4285714286,35.1428571429,21.7142857143
44.0,44.0,41.4,37.0,35.8,27.6,14.4
47.5609756098,46.8292682927,45.1219512195,42.9268292683,40.487804878,34.1463414634,21.9512195122
45.2173913043,44.1304347826,41.9565217391,36.5217391304,33.6956521739,28.0434782609,14.5652173913
45.25,44.25,43.5,41.5,37.5,32.5,18.75
44.2,43.4,41.4,38.6,34.6,27.2,14.8
46.75,44.75,43.75,40.0,37.25,32.25,22.0
45.8333333333,45.2777777778,41.6666666667,39.7222222222,36.9444444444,31.1111111111,20.8333333333
43.3333333333,42.7777777778,42.2222222222,39.1666666667,38.8888888889,32.7777777778,21.3888888889
46.25,46.25,45.0,40.5,38.0,33.25,22.0
46.7567567568,46.7567567568,45.4054054054,42.1621621622,39.4594594595,32.1621621622,21.0810810811
46.2857142857,45.1428571429,43.7142857143,39.1428571429,37.1428571429,34.0,20.8571428571
42.3529411765,42.6470588235,40.8823529412,36.7647058824,37.0588235294,30.8823529412,19.4117647059
47.1739130435,46.5217391304,44.347826087,39.7826086957,38.4782608696,32.1739130435,19.5652173913
47.2340425532,46.8085106383,43.829787234,39.1489361702,37.8723404255,30.6382978723,19.1489361702
46.6666666667,45.9259259259,44.8148148148,42.962962963,40.7407407407,37.037037037,24.0740740741
46.1363636364,44.5454545455,42.9545454545,41.8181818182,37.0454545455,32.0454545455,19.7727272727
48.125,47.7083333333,45.2083333333,40.625,38.125,29.375,15.0
45.0,45.2777777778,42.2222222222,41.6666666667,38.6111111111,31.9444444444,21.3888888889
47.7777777778,46.0,42.6666666667,39.1111111111,35.7777777778,28.8888888889,15.5555555556
46.1111111111,44.7222222222,43.0555555556,40.5555555556,37.2222222222,33.6111111111,20.2777777778
47.8125,46.875,45.625,43.75,39.375,35.0,19.0625
46.5384615385,46.5384615385,44.6153846154,41.1538461538,39.6153846154,34.2307692308,24.6153846154
47.2972972973,46.7567567568,41.8918918919,40.0,37.2972972973,29.7297297297,19.7297297297
46.9230769231,44.6153846154,43.0769230769,41.0256410256,38.9743589744,33.0769230769,21.0256410256
46.976744186,46.0465116279,44.4186046512,42.7906976744,38.6046511628,33.7209302326,20.4651162791
46.7441860465,45.1162790698,42.0930232558,40.6976744186,38.8372093023,31.1627906977,19.3023255814
47.6315789474,46.8421052632,45.0,39.2105263158,36.8421052632,31.3157894737,20.5263157895
46.3888888889,46.1111111111,41.9444444444,43.0555555556,36.3888888889,33.3333333333,20.0
48.8461538462,48.0769230769,45.0,44.6153846154,43.0769230769,35.0,24.2307692308
46.8181818182,45.4545454545,41.8181818182,39.3181818182,39.3181818182,33.4090909091,17.9545454545
46.3888888889,46.1111111111,41.9444444444,43.0555555556,36.3888888889,33.3333333333,20.0
45.0,45.2,42.6,36.6,37.4,28.8,14.4
44.2,43.8,40.8,36.8,35.4,27.0,15.2
48.4615384615,46.9230769231,46.1538461538,41.1538461538,38.4615384615,37.6923076923,24.2307692308
45.0,45.2,42.6,36.6,37.4,28.8,14.4
45.8823529412,47.0588235294,44.1176470588,42.0588235294,37.9411764706,32.6470588235,21.1764705882
44.0,43.8,41.6,36.8,36.0,27.8,14.8
48.3333333333,46.3888888889,45.8333333333,40.8333333333,37.5,34.4444444444,22.2222222222
47.1739130435,46.0869565217,42.8260869565,39.347826087,38.4782608696,30.2173913043,18.2608695652
48.7096774194,48.064516129,45.8064516129,43.8709677419,40.0,34.1935483871,20.6451612903
45.7894736842,44.2105263158,40.0,37.8947368421,35.0,30.0,20.7894736842
47.6086956522,45.4347826087,44.1304347826,41.3043478261,36.9565217391,30.8695652174,18.6956521739
49.5,49.0,46.25,42.25,39.0,34.5,20.75
46.2790697674,46.0465116279,43.9534883721,42.3255813953,37.6744186047,34.4186046512,20.9302325581
47.9545454545,45.6818181818,45.9090909091,41.5909090909,39.0909090909,34.5454545455,18.4090909091
47.7777777778,45.8333333333,43.6111111111,39.7222222222,36.9444444444,30.5555555556,22.2222222222
48.2222222222,47.3333333333,44.8888888889,38.8888888889,36.2222222222,29.7777777778,14.6666666667
47.7777777778,46.6666666667,45.0,41.9444444444,41.1111111111,34.1666666667,20.2777777778
45.9090909091,44.7727272727,43.1818181818,40.2272727273,38.1818181818,32.2727272727,20.0
48.6956521739,48.0434782609,44.5652173913,41.7391304348,39.347826087,34.5652173913,21.0869565217
48.75,47.5,47.5,45.625,41.875,35.3125,20.0
45.6097560976,43.9024390244,42.6829268293,41.7073170732,38.2926829268,31.4634146341,19.756097561
46.8181818182,45.4545454545,41.8181818182,39.3181818182,39.3181818182,33.4090909091,17.9545454545
45.1219512195,44.1463414634,42.6829268293,39.512195122,37.3170731707,32.9268292683,20.487804878
47.380952381,47.380952381,44.2857142857,40.4761904762,38.5714285714,34.2857142857,20.7142857143
45.7692307692,45.3846153846,43.0769230769,41.1538461538,40.7692307692,33.0769230769,25.0
46.5217391304,45.2173913043,43.4782608696,40.4347826087,38.9130434783,32.8260869565,21.9565217391
43.8,42.6,41.4,37.2,36.2,28.6,15.0
43.4693877551,42.8571428571,42.0408163265,36.9387755102,34.0816326531,27.3469387755,15.5102040816
46.3888888889,45.0,41.1111111111,38.6111111111,35.0,30.2777777778,20.8333333333
46.3265306122,43.8775510204,43.4693877551,40.0,36.5306122449,29.5918367347,14.4897959184
47.5,45.0,43.3333333333,40.0,36.3888888889,32.5,19.4444444444
46.976744186,46.0465116279,42.3255813953,38.6046511628,37.2093023256,32.5581395349,18.3720930233
47.037037037,45.5555555556,46.2962962963,43.7037037037,40.0,35.1851851852,22.962962963
46.5957446809,45.1063829787,43.4042553191,41.2765957447,39.3617021277,32.1276595745,19.5744680851
45.8,44.6,42.2,36.4,34.4,28.4,14.6
48.5365853659,47.8048780488,45.6097560976,41.9512195122,40.243902439,33.9024390244,19.0243902439
43.1428571429,42.0,41.7142857143,38.5714285714,36.8571428571,34.8571428571,20.8571428571
49.25,48.5,46.5,42.25,39.25,33.75,21.25
46.2857142857,45.7142857143,42.2857142857,40.2857142857,38.2857142857,32.8571428571,20.5714285714
47.4468085106,45.7446808511,45.1063829787,40.8510638298,38.085106383,33.1914893617,17.8723404255
49.0,47.75,45.75,43.0,37.75,35.25,22.0
46.8181818182,45.4545454545,41.8181818182,39.3181818182,39.3181818182,33.4090909091,17.9545454545
45.3488372093,44.1860465116,42.3255813953,40.4651162791,38.6046511628,33.023255814,19.7674418605
46.0416666667,45.0,42.5,39.5833333333,34.7916666667,28.3333333333,13.5416666667
48.7096774194,47.7419354839,45.4838709677,44.5161290323,41.6129032258,35.8064516129,20.0
48.2352941176,46.1764705882,43.5294117647,40.8823529412,39.7058823529,30.5882352941,20.5882352941
47.2340425532,45.3191489362,42.9787234043,38.7234042553,37.0212765957,31.7021276596,19.7872340426
47.7551020408,45.7142857143,44.4897959184,41.2244897959,35.9183673469,29.387755102,18.5714285714
48.064516129,48.064516129,45.8064516129,42.2580645161,38.3870967742,35.8064516129,21.6129032258
47.037037037,45.1851851852,44.8148148148,40.0,37.4074074074,32.5925925926,24.4444444444
46.7391304348,45.8695652174,43.9130434783,40.8695652174,39.5652173913,31.5217391304,19.7826086957
44.8,44.6,41.6,37.4,36.6,28.4,14.4
47.1428571429,46.0714285714,44.2857142857,42.1428571429,40.3571428571,36.0714285714,23.9285714286
45.0,45.0,44.6428571429,43.2142857143,41.7857142857,37.5,24.2857142857
46.3888888889,46.1111111111,44.1666666667,39.4444444444,39.4444444444,34.4444444444,20.8333333333
47.4193548387,47.4193548387,44.8387096774,40.9677419355,38.7096774194,33.2258064516,19.3548387097
48.3870967742,47.4193548387,43.8709677419,43.5483870968,41.2903225806,33.8709677419,19.6774193548
45.9090909091,44.5454545455,42.5,38.8636363636,37.2727272727,31.8181818182,20.0
48.1578947368,46.0526315789,45.0,42.1052631579,40.0,31.8421052632,18.9473684211
47.3684210526,47.1052631579,45.2631578947,40.7894736842,37.3684210526,31.5789473684,19.2105263158
48.1081081081,45.9459459459,44.5945945946,40.2702702703,40.8108108108,34.5945945946,22.1621621622
48.064516129,48.064516129,45.8064516129,42.2580645161,38.3870967742,35.8064516129,21.6129032258
44.8,44.4,41.0,37.0,34.4,27.4,14.8
48.8888888889,48.1481481481,46.2962962963,42.962962963,41.8518518519,36.6666666667,24.0740740741
44.6,44.2,41.6,38.6,36.4,28.0,14.4
45.4285714286,45.1428571429,43.1428571429,39.1428571429,39.1428571429,31.7142857143,21.4285714286
48.8461538462,47.3076923077,45.3846153846,43.8461538462,42.3076923077,35.3846153846,24.2307692308
49.0,48.0,46.0,45.0,41.3333333333,34.6666666667,24.6666666667
49.5,49.0,46.25,42.25,39.0,34.5,20.75
46.5517241379,46.2068965517,46.2068965517,40.6896551724,41.0344827586,37.5862068966,24.1379310345
46.8181818182,45.4545454545,41.8181818182,39.3181818182,39.3181818182,33.4090909091,17.9545454545
44.6511627907,44.4186046512,42.0930232558,39.0697674419,36.511627907,30.6976744186,19.3023255814
46.8181818182,45.4545454545,41.8181818182,39.3181818182,39.3181818182,33.4090909091,17.9545454545
47.8378378378,47.027027027,43.7837837838,42.1621621622,40.0,33.7837837838,21.6216216216
47.4468085106,46.5957446809,43.6170212766,40.6382978723,38.2978723404,31.914893617,18.085106383
44.8979591837,43.6734693878,42.6530612245,38.9795918367,35.9183673469,28.9795918367,14.2857142857
45.0,43.8,42.0,38.2,36.8,28.8,15.8
48.064516129,48.064516129,45.8064516129,42.2580645161,38.3870967742,35.8064516129,21.6129032258
48.0434782609,46.7391304348,45.652173913,43.6956521739,40.652173913,34.347826087,21.3043478261
46.8965517241,45.8620689655,44.4827586207,43.1034482759,38.9655172414,37.5862068966,24.4827586207
49.0,47.75,45.75,43.0,37.75,35.25,22.0
43.0612244898,41.8367346939,40.4081632653,36.7346938776,33.8775510204,27.3469387755,13.0612244898
46.1363636364,45.2272727273,42.9545454545,41.5909090909,39.0909090909,32.7272727273,20.2272727273
46.6666666667,44.4444444444,43.0555555556,39.4444444444,38.3333333333,32.7777777778,20.2777777778
44.0,44.2,41.0,38.6,35.2,28.6,15.0
46.4864864865,46.2162162162,44.0540540541,41.3513513514,38.3783783784,31.3513513514,20.0
48.1578947368,44.7368421053,43.9473684211,38.1578947368,37.8947368421,31.8421052632,21.0526315789
47.1875,45.3125,43.125,42.8125,39.0625,33.125,25.0
48.0769230769,47.3076923077,45.0,42.6923076923,39.2307692308,33.8461538462,23.8461538462
45.0,45.2,42.6,36.6,37.4,28.8,14.4
48.5365853659,47.3170731707,45.8536585366,42.6829268293,40.243902439,34.3902439024,22.6829268293
47.5,46.6666666667,45.2777777778,43.3333333333,39.1666666667,33.6111111111,21.3888888889
46.8181818182,45.2272727273,43.4090909091,39.3181818182,37.7272727273,30.9090909091,19.5454545455
48.5714285714,47.8571428571,47.8571428571,43.2142857143,40.7142857143,36.4285714286,24.6428571429
45.9090909091,44.0909090909,42.7272727273,39.5454545455,38.4090909091,32.2727272727,19.0909090909
46.2962962963,44.8148148148,44.4444444444,42.2222222222,40.0,34.8148148148,24.4444444444
46.7857142857,47.1428571429,46.0714285714,44.6428571429,41.4285714286,35.7142857143,23.2142857143
48.3870967742,47.4193548387,45.4838709677,43.2258064516,37.0967741935,35.1612903226,22.2580645161
49.0,48.3333333333,47.3333333333,43.0,41.6666666667,36.3333333333,21.0
47.8723404255,47.0212765957,44.2553191489,37.6595744681,36.5957446809,26.8085106383,13.829787234
48.5714285714,45.7142857143,45.3571428571,42.8571428571,39.6428571429,35.0,22.8571428571
48.064516129,48.064516129,45.8064516129,42.2580645161,38.3870967742,35.8064516129,21.6129032258
46.6666666667,45.2777777778,43.0555555556,40.8333333333,37.5,31.1111111111,21.6666666667
46.1538461538,45.0,42.3076923077,41.5384615385,39.2307692308,34.2307692308,23.8461538462
49.0322580645,47.4193548387,45.4838709677,44.5161290323,41.935483871,37.0967741935,20.6451612903
47.1428571429,46.0714285714,45.3571428571,42.5,39.2857142857,36.7857142857,23.5714285714
47.1428571429,45.0,43.5714285714,40.3571428571,39.6428571429,32.8571428571,22.5
46.6666666667,45.0,43.8888888889,40.8333333333,38.6111111111,31.6666666667,20.5555555556
46.9565217391,46.0869565217,43.4782608696,40.4347826087,38.0434782609,30.2173913043,18.4782608696
47.5,46.3888888889,44.7222222222,41.3888888889,39.7222222222,33.0555555556,21.6666666667
47.2413793103,46.8965517241,45.8620689655,43.1034482759,40.3448275862,36.8965517241,23.7931034483
45.1282051282,44.358974359,43.5897435897,40.5128205128,40.2564102564,34.1025641026,19.7435897436
49.1666666667,47.7777777778,46.3888888889,42.2222222222,38.3333333333,32.5,24.1666666667
48.6206896552,48.275862069,47.9310344828,45.1724137931,41.0344827586,37.9310344828,25.5172413793
46.8181818182,45.4545454545,41.8181818182,39.3181818182,39.3181818182,33.4090909091,17.9545454545
48.3870967742,47.7419354839,47.4193548387,42.2580645161,37.4193548387,34.8387096774,19.3548387097
46.8085106383,45.1063829787,42.7659574468,37.2340425532,35.9574468085,29.3617021277,15.7446808511
46.9565217391,46.5217391304,43.9130434783,41.3043478261,38.4782608696,31.0869565217,17.8260869565
46.5306122449,44.2857142857,43.6734693878,40.4081632653,37.9591836735,30.2040816327,16.7346938776
44.4,44.4,41.6,37.0,36.4,27.0,14.4
46.8181818182,45.4545454545,41.8181818182,39.3181818182,39.3181818182,33.4090909091,17.9545454545
49.7368421053,48.4210526316,47.1052631579,41.8421052632,42.3684210526,35.2631578947,21.8421052632
48.3783783784,46.7567567568,45.6756756757,43.7837837838,38.9189189189,32.7027027027,20.0
43.4285714286,43.1428571429,41.4285714286,40.8571428571,38.5714285714,34.0,23.1428571429
44.347826087,44.5652173913,42.3913043478,40.8695652174,36.3043478261,30.4347826087,16.3043478261
45.0,45.2,42.6,36.6,37.4,28.8,14.4
46.0,45.4,42.4,38.4,35.0,29.4,14.2
45.4545454545,45.1515151515,43.9393939394,42.4242424242,39.0909090909,34.2424242424,21.5151515152
46.5909090909,46.3636363636,43.1818181818,41.5909090909,37.7272727273,30.4545454545,18.4090909091
45.2173913043,43.9130434783,42.1739130435,41.0869565217,37.6086956522,33.4782608696,19.5652173913
46.5957446809,46.3829787234,44.6808510638,41.914893617,35.9574468085,29.1489361702,16.3829787234
46.8181818182,45.4545454545,41.8181818182,39.3181818182,39.3181818182,33.4090909091,17.9545454545
46.1111111111,44.1666666667,41.9444444444,39.4444444444,37.2222222222,31.6666666667,21.3888888889
42.8571428571,42.0,39.1428571429,38.2857142857,36.2857142857,30.8571428571,20.0
44.8780487805,42.9268292683,42.9268292683,39.2682926829,38.5365853659,31.2195121951,20.7317073171
46.9444444444,46.9444444444,43.0555555556,41.3888888889,40.8333333333,33.3333333333,21.6666666667
44.7058823529,44.1176470588,40.8823529412,40.8823529412,35.8823529412,34.4117647059,22.0588235294
46.6666666667,46.2962962963,42.962962963,41.4814814815,39.6296296296,33.7037037037,22.5925925926
47.2222222222,47.2222222222,44.7222222222,40.8333333333,37.7777777778,32.5,18.6111111111
45.9574468085,45.3191489362,43.4042553191,36.3829787234,35.9574468085,27.6595744681,13.6170212766
46.8181818182,45.4545454545,41.8181818182,39.3181818182,39.3181818182,33.4090909091,17.9545454545
47.2727272727,45.9090909091,45.0,38.8636363636,38.1818181818,32.0454545455,20.6818181818
46.511627907,46.0465116279,44.4186046512,40.9302325581,35.8139534884,32.7906976744,19.7674418605
47.2093023256,46.0465116279,43.7209302326,40.0,35.5813953488,31.3953488372,20.0
45.4285714286,44.8571428571,43.4285714286,39.7142857143,37.7142857143,33.1428571429,20.8571428571
46.2162162162,44.5945945946,44.3243243243,39.1891891892,38.3783783784,32.1621621622,20.8108108108
46.9230769231,44.6153846154,43.4615384615,43.4615384615,39.2307692308,35.7692307692,23.0769230769
44.8979591837,44.8979591837,42.8571428571,37.1428571429,37.5510204082,29.5918367347,15.7142857143
46.5853658537,45.3658536585,44.6341463415,40.487804878,38.5365853659,32.9268292683,21.2195121951
45.8695652174,45.0,42.1739130435,38.0434782609,36.5217391304,26.5217391304,13.2608695652
47.7083333333,45.2083333333,43.125,41.0416666667,36.875,31.0416666667,17.5
43.1428571429,42.5714285714,39.4285714286,37.4285714286,36.2857142857,30.8571428571,20.5714285714
45.5102040816,44.693877551,42.8571428571,37.9591836735,35.7142857143,26.5306122449,14.0816326531
47.5555555556,46.4444444444,45.5555555556,43.7777777778,40.4444444444,33.7777777778,19.3333333333
47.8947368421,46.8421052632,44.2105263158,41.5789473684,40.0,31.8421052632,19.4736842105
44.4736842105,44.4736842105,42.1052631579,38.6842105263,37.6315789474,31.3157894737,20.2631578947
44.5,43.75,41.5,39.25,35.5,29.25,19.5
49.1666666667,48.6111111111,43.3333333333,40.2777777778,38.8888888889,32.7777777778,19.4444444444
48.064516129,47.4193548387,45.8064516129,44.1935483871,39.6774193548,37.0967741935,20.9677419355
48.064516129,48.064516129,45.8064516129,42.2580645161,38.3870967742,35.8064516129,21.6129032258
48.5185185185,47.037037037,46.2962962963,44.0740740741,40.7407407407,35.5555555556,23.3333333333
45.75,45.5,43.5,40.5,38.25,34.0,20.5
45.7894736842,44.7368421053,43.1578947368,39.7368421053,37.6315789474,30.2631578947,18.4210526316
48.3870967742,48.064516129,46.1290322581,42.5806451613,39.6774193548,36.7741935484,20.0
45.7142857143,44.6428571429,42.5,38.9285714286,37.1428571429,34.2857142857,21.0714285714
47.1052631579,46.8421052632,42.8947368421,39.4736842105,36.8421052632,30.7894736842,19.2105263158
47.6923076923,47.6923076923,46.5384615385,44.2307692308,42.3076923077,37.3076923077,25.3846153846
47.2222222222,47.2222222222,44.1666666667,40.5555555556,39.1666666667,33.8888888889,20.2777777778
46.25,46.25,43.0,40.75,38.25,34.0,21.75
45.7894736842,44.4736842105,44.4736842105,40.2631578947,37.3684210526,31.0526315789,20.0
46.2857142857,45.4285714286,43.4285714286,40.5714285714,38.8571428571,33.7142857143,20.2857142857
43.2432432432,42.7027027027,41.8918918919,39.4594594595,37.027027027,31.3513513514,22.1621621622
46.1538461538,46.1538461538,45.0,41.9230769231,40.7692307692,35.0,23.8461538462
48.9285714286,47.8571428571,47.5,44.2857142857,42.8571428571,38.5714285714,23.5714285714
44.8,44.0,41.4,37.6,36.0,29.8,15.2
47.8378378378,47.2972972973,44.3243243243,41.8918918919,40.5405405405,32.1621621622,20.0
46.0,45.1428571429,43.1428571429,39.1428571429,38.0,33.4285714286,21.4285714286
45.7142857143,44.0476190476,42.1428571429,40.0,37.380952381,32.380952381,19.0476190476
48.3870967742,47.4193548387,44.8387096774,41.935483871,38.3870967742,37.0967741935,23.8709677419
48.275862069,47.9310344828,46.2068965517,46.2068965517,41.3793103448,37.5862068966,23.4482758621
46.1538461538,44.6153846154,42.3076923077,41.9230769231,38.4615384615,34.2307692308,25.0
46.2162162162,45.6756756757,44.5945945946,42.1621621622,38.1081081081,31.8918918919,20.5405405405
47.2727272727,45.0,43.8636363636,41.1363636364,38.4090909091,33.4090909091,20.0
45.1282051282,44.358974359,43.5897435897,40.5128205128,40.2564102564,34.1025641026,19.7435897436
45.1851851852,45.5555555556,43.3333333333,40.7407407407,38.1481481481,32.962962963,22.2222222222
47.4358974359,46.6666666667,44.8717948718,40.7692307692,39.2307692308,31.2820512821,20.0
45.4,44.6,43.2,38.8,36.2,27.2,13.8
48.064516129,48.064516129,45.8064516129,42.2580645161,38.3870967742,35.8064516129,21.6129032258
45.75,45.0,41.5,40.5,38.0,35.0,20.75
47.4358974359,47.1794871795,44.1025641026,42.5641025641,40.5128205128,31.2820512821,21.7948717949
46.9047619048,45.4761904762,44.2857142857,42.1428571429,41.1904761905,34.0476190476,19.7619047619
47.1111111111,45.5555555556,44.4444444444,42.6666666667,38.2222222222,32.4444444444,18.0
45.9183673469,45.5102040816,43.6734693878,40.0,35.306122449,27.7551020408,14.8979591837
47.0588235294,47.3529411765,42.9411764706,40.8823529412,39.1176470588,33.2352941176,22.3529411765
47.9411764706,45.5882352941,45.5882352941,42.3529411765,38.2352941176,33.2352941176,20.2941176471
45.7777777778,45.1111111111,42.6666666667,36.8888888889,35.3333333333,29.5555555556,14.8888888889
46.8181818182,45.4545454545,41.8181818182,39.3181818182,39.3181818182,33.4090909091,17.9545454545
45.9090909091,44.7727272727,44.0909090909,38.4090909091,36.5909090909,32.2727272727,17.5
48.7096774194,48.064516129,44.1935483871,42.2580645161,39.6774193548,32.9032258065,19.3548387097
49.0,47.6666666667,46.3333333333,44.0,41.3333333333,34.6666666667,22.6666666667
48.6956521739,46.3043478261,45.0,41.9565217391,37.8260869565,33.9130434783,21.3043478261
46.25,45.0,42.7083333333,39.7916666667,37.2916666667,31.4583333333,19.7916666667
42.8571428571,42.5714285714,42.0,39.1428571429,36.8571428571,32.2857142857,20.8571428571
46.875,45.8333333333,41.6666666667,39.5833333333,36.6666666667,31.4583333333,17.5
48.064516129,48.064516129,45.8064516129,42.2580645161,38.3870967742,35.8064516129,21.6129032258
45.8823529412,45.0,42.6470588235,40.8823529412,36.1764705882,30.5882352941,22.3529411765
48.064516129,47.7419354839,47.4193548387,42.2580645161,40.0,33.8709677419,21.935483871
48.3870967742,47.7419354839,47.4193548387,44.8387096774,42.9032258065,36.7741935484,22.2580645161
47.2727272727,46.3636363636,44.8484848485,39.696969697,38.7878787879,32.7272727273,22.1212121212
46.8181818182,45.4545454545,41.8181818182,39.3181818182,39.3181818182,33.4090909091,17.9545454545
49.347826087,47.8260869565,45.0,41.0869565217,38.4782608696,32.8260869565,19.1304347826
48.8461538462,46.5384615385,44.2307692308,41.9230769231,39.6153846154,37.6923076923,24.2307692308
44.3902439024,43.9024390244,42.1951219512,40.487804878,37.0731707317,31.2195121951,21.2195121951
47.1428571429,46.0714285714,43.5714285714,43.2142857143,40.0,36.7857142857,24.6428571429
48.125,47.1875,44.6875,40.9375,38.4375,34.0625,19.375
48.8571428571,47.4285714286,44.2857142857,44.2857142857,40.2857142857,33.7142857143,22.0
46.0,45.0,43.75,42.0,38.0,33.75,21.75
44.5945945946,42.972972973,42.972972973,39.4594594595,36.4864864865,31.0810810811,21.0810810811
45.5813953488,44.8837209302,42.0930232558,40.6976744186,37.2093023256,30.4651162791,20.0
48.064516129,47.0967741935,45.4838709677,41.2903225806,39.0322580645,33.2258064516,20.9677419355
46.3888888889,45.8333333333,44.1666666667,41.1111111111,37.7777777778,33.8888888889,22.2222222222
49.1666666667,47.5,46.3888888889,42.7777777778,40.0,33.6111111111,21.6666666667
45.5263157895,44.7368421053,42.3684210526,39.4736842105,37.3684210526,31.8421052632,20.7894736842
45.9459459459,45.9459459459,41.8918918919,41.6216216216,37.2972972973,31.8918918919,20.8108108108
43.7837837838,43.5135135135,40.5405405405,38.3783783784,36.7567567568,31.0810810811,19.1891891892
43.9393939394,43.6363636364,42.1212121212,39.3939393939,36.9696969697,31.2121212121,21.8181818182
46.0869565217,44.7826086957,43.2608695652,38.0434782609,35.0,26.9565217391,14.1304347826
46.2962962963,45.5555555556,44.4444444444,43.3333333333,38.8888888889,35.9259259259,22.5925925926
47.2093023256,45.1162790698,43.7209302326,39.3023255814,37.9069767442,31.1627906977,20.2325581395
47.7777777778,46.3888888889,43.0555555556,41.6666666667,38.6111111111,33.8888888889,21.6666666667
46.9387755102,46.5306122449,43.4693877551,39.5918367347,37.7551020408,30.2040816327,18.9795918367
48.6666666667,48.0,46.0,43.6666666667,41.0,37.0,20.3333333333
42.3529411765,41.7647058824,40.8823529412,37.6470588235,35.8823529412,33.5294117647,20.0
48.085106383,46.170212766,42.9787234043,37.6595744681,35.1063829787,29.7872340426,18.2978723404
46.8181818182,45.4545454545,41.8181818182,39.3181818182,39.3181818182,33.4090909091,17.9545454545
44.5652173913,43.4782608696,40.8695652174,37.1739130435,33.0434782609,27.8260869565,16.0869565217
46.8888888889,45.7777777778,44.8888888889,42.0,38.8888888889,32.8888888889,20.2222222222
47.5555555556,46.8888888889,43.7777777778,38.4444444444,36.8888888889,29.1111111111,14.8888888889
46.0714285714,46.0714285714,45.3571428571,42.1428571429,40.7142857143,37.1428571429,23.5714285714
44.0,44.2,41.0,38.6,35.2,28.6,15.0
47.2222222222,45.8333333333,44.7222222222,38.6111111111,37.5,30.5555555556,21.3888888889
47.6595744681,46.3829787234,43.829787234,42.1276595745,38.9361702128,32.9787234043,19.7872340426
47.8260869565,46.7391304348,44.1304347826,42.8260869565,38.9130434783,32.1739130435,19.1304347826
48.3870967742,47.0967741935,44.8387096774,43.5483870968,40.0,34.8387096774,20.0
47.5675675676,45.9459459459,43.7837837838,39.4594594595,35.6756756757,33.7837837838,19.1891891892
42.8260869565,41.0869565217,38.6956521739,35.8695652174,32.1739130435,26.9565217391,13.2608695652
46.25,45.8333333333,43.125,38.125,35.8333333333,26.6666666667,13.5416666667
45.6756756757,45.4054054054,44.0540540541,40.0,36.7567567568,30.0,19.4594594595
46.3888888889,46.1111111111,41.9444444444,43.0555555556,36.3888888889,33.3333333333,20.0
46.8181818182,45.4545454545,41.8181818182,39.3181818182,39.3181818182,33.4090909091,17.9545454545
44.0425531915,43.4042553191,41.4893617021,36.5957446809,34.2553191489,29.1489361702,13.829787234
44.1304347826,43.9130434783,41.9565217391,38.6956521739,35.4347826087,28.4782608696,15.4347826087
47.6,47.2,45.6,43.6,39.6,35.6,28.8
46.3888888889,45.5555555556,44.1666666667,38.6111111111,37.5,32.2222222222,21.1111111111
45.7142857143,44.8571428571,42.2857142857,40.2857142857,36.5714285714,34.0,21.7142857143
48.0555555556,44.7222222222,45.0,38.8888888889,37.7777777778,32.5,21.3888888889
46.8181818182,45.4545454545,41.8181818182,39.3181818182,39.3181818182,33.4090909091,17.9545454545
47.9069767442,47.4418604651,45.1162790698,41.3953488372,40.0,33.488372093,21.3953488372
44.8,44.6,41.6,37.4,36.6,28.4,14.4
48.5185185185,48.1481481481,45.5555555556,43.7037037037,42.2222222222,34.0740740741,24.4444444444
48.064516129,47.0967741935,46.7741935484,44.5161290323,42.9032258065,32.9032258065,19.6774193548
45.9459459459,45.6756756757,44.5945945946,41.6216216216,36.4864864865,31.6216216216,20.8108108108
46.9387755102,47.1428571429,43.4693877551,39.1836734694,35.7142857143,30.0,12.2448979592
48.3870967742,48.064516129,46.1290322581,44.5161290323,41.935483871,35.8064516129,20.0
46.1363636364,45.6818181818,44.5454545455,42.0454545455,39.0909090909,32.7272727273,21.1363636364
48.0434782609,47.8260869565,46.7391304348,44.347826087,40.4347826087,35.0,19.5652173913
46.4583333333,45.4166666667,43.5416666667,40.625,36.25,31.4583333333,17.7083333333
46.6666666667,46.6666666667,42.7777777778,40.5555555556,38.8888888889,32.7777777778,20.2777777778
45.0,43.8,42.0,39.4,35.6,28.4,14.6
47.0212765957,46.3829787234,45.3191489362,39.7872340426,38.2978723404,32.3404255319,20.2127659574
48.2051282051,46.6666666667,43.8461538462,40.0,40.2564102564,33.0769230769,18.7179487179
48.064516129,48.064516129,45.8064516129,42.2580645161,38.3870967742,35.8064516129,21.6129032258
48.2142857143,47.8571428571,45.7142857143,45.0,39.6428571429,34.6428571429,25.3571428571
48.1081081081,46.7567567568,44.8648648649,41.6216216216,38.6486486486,31.0810810811,21.0810810811
49.0322580645,47.4193548387,44.5161290323,43.2258064516,40.3225806452,33.5483870968,19.3548387097
46.0526315789,45.0,43.6842105263,38.6842105263,37.6315789474,30.7894736842,20.0
46.976744186,45.8139534884,43.7209302326,40.0,39.7674418605,31.3953488372,20.0
47.5,45.4166666667,42.5,41.4583333333,36.6666666667,30.625,18.9583333333
49.25,47.25,47.0,45.0,39.25,35.75,20.0
49.347826087,47.8260869565,45.0,41.0869565217,38.4782608696,32.8260869565,19.1304347826
42.972972973,42.4324324324,41.8918918919,39.1891891892,37.027027027,31.3513513514,21.8918918919
46.6666666667,45.625,43.75,41.0416666667,38.125,29.7916666667,15.2083333333
49.347826087,48.4782608696,44.1304347826,40.2173913043,39.347826087,32.6086956522,18.9130434783
45.0,44.7916666667,43.125,38.9583333333,37.5,33.3333333333,17.9166666667
48.2608695652,46.5217391304,41.9565217391,41.7391304348,40.2173913043,31.9565217391,18.9130434783
44.4117647059,44.1176470588,42.0588235294,40.5882352941,36.1764705882,33.5294117647,22.0588235294
48.064516129,47.0967741935,47.0967741935,42.9032258065,38.064516129,34.5161290323,20.6451612903
45.0,45.2,42.6,36.6,37.4,28.8,14.4
46.7857142857,46.0714285714,43.2142857143,43.5714285714,38.9285714286,36.4285714286,21.4285714286
45.8139534884,44.8837209302,42.3255813953,40.4651162791,38.3720930233,32.3255813953,19.7674418605
46.9444444444,46.9444444444,44.4444444444,41.3888888889,37.2222222222,33.0555555556,20.8333333333
47.5675675676,45.9459459459,44.5945945946,42.4324324324,37.8378378378,32.7027027027,19.4594594595
47.2413793103,45.5172413793,43.7931034483,39.6551724138,36.8965517241,32.7586206897,23.4482758621
46.3888888889,44.7222222222,42.7777777778,40.0,35.8333333333,31.3888888889,21.1111111111
46.1363636364,44.7727272727,40.6818181818,40.0,36.5909090909,30.2272727273,17.7272727273
46.8181818182,45.4545454545,41.8181818182,39.3181818182,39.3181818182,33.4090909091,17.9545454545
46.3333333333,47.3333333333,45.3333333333,42.6666666667,41.6666666667,36.3333333333,24.0
44.0909090909,43.6363636364,40.6818181818,38.1818181818,36.8181818182,28.8636363636,15.4545454545
49.1891891892,46.4864864865,44.3243243243,42.972972973,37.5675675676,33.5135135135,18.3783783784
46.5909090909,45.6818181818,42.2727272727,41.3636363636,39.5454545455,31.8181818182,19.7727272727
48.6666666667,48.0,48.3333333333,45.6666666667,40.0,36.6666666667,22.3333333333
48.2142857143,47.5,45.7142857143,43.5714285714,41.0714285714,36.7857142857,25.3571428571
47.0454545455,45.4545454545,43.6363636364,40.9090909091,38.4090909091,31.8181818182,18.6363636364
46.0,45.6,42.4,40.4,41.2,36.0,24.8
49.1304347826,47.6086956522,43.2608695652,40.0,37.3913043478,31.9565217391,18.4782608696
44.0816326531,44.4897959184,40.2040816327,38.7755102041,34.2857142857,29.5918367347,14.4897959184
47.1428571429,46.4285714286,45.0,43.9285714286,41.0714285714,35.7142857143,22.8571428571
45.1351351351,43.7837837838,43.2432432432,40.8108108108,37.8378378378,31.3513513514,19.7297297297
48.5185185185,47.037037037,45.9259259259,44.8148148148,40.7407407407,37.7777777778,24.0740740741
45.7142857143,45.1428571429,42.5714285714,38.8571428571,37.4285714286,32.5714285714,18.8571428571
48.0434782609,47.1739130435,45.4347826087,42.1739130435,39.5652173913,34.5652173913,19.1304347826
47.5,46.8181818182,44.5454545455,40.9090909091,38.6363636364,32.5,20.9090909091
47.8378378378,46.4864864865,44.0540540541,41.0810810811,38.6486486486,32.972972973,20.8108108108
47.0212765957,46.170212766,45.5319148936,40.0,37.0212765957,32.3404255319,20.2127659574
47.2,46.8,44.4,42.8,40.0,37.2,25.6
46.5714285714,45.4285714286,43.4285714286,40.2857142857,37.4285714286,32.5714285714,22.2857142857
49.5652173913,48.6956521739,44.7826086957,41.7391304348,38.6956521739,31.3043478261,19.7826086957
47.2340425532,45.1063829787,44.4680851064,39.1489361702,39.7872340426,31.4893617021,18.085106383
47.2222222222,45.5555555556,43.3333333333,38.3333333333,39.4444444444,31.9444444444,19.4444444444
43.7837837838,42.7027027027,42.7027027027,41.3513513514,38.1081081081,32.7027027027,21.8918918919
45.3846153846,45.1282051282,42.8205128205,41.7948717949,39.4871794872,35.641025641,22.5641025641
44.5454545455,43.6363636364,43.3333333333,41.2121212121,39.0909090909,32.1212121212,24.2424242424
49.0322580645,48.064516129,46.7741935484,43.5483870968,40.0,38.3870967742,23.2258064516
44.4736842105,43.9473684211,41.8421052632,38.9473684211,35.7894736842,30.5263157895,19.4736842105
49.0,48.0,45.3333333333,44.3333333333,41.3333333333,36.6666666667,21.6666666667
47.1428571429,46.0714285714,45.0,42.5,39.2857142857,35.0,25.7142857143
45.1282051282,44.8717948718,43.3333333333,40.5128205128,39.2307692308,34.6153846154,20.0
48.1818181818,47.9545454545,44.3181818182,41.3636363636,39.7727272727,35.6818181818,21.8181818182
48.5714285714,47.1428571429,46.0714285714,43.2142857143,41.7857142857,36.0714285714,22.5
48.0555555556,46.6666666667,44.4444444444,41.3888888889,39.4444444444,32.2222222222,20.0
48.9285714286,47.5,46.0714285714,43.5714285714,41.0714285714,37.1428571429,25.7142857143
47.7777777778,46.6666666667,45.1851851852,42.962962963,40.0,36.6666666667,25.9259259259
45.8695652174,45.0,41.0869565217,38.9130434783,37.6086956522,28.4782608696,15.8695652174
46.3888888889,46.1111111111,41.9444444444,43.0555555556,36.3888888889,33.3333333333,20.0
47.7777777778,45.5555555556,42.5,40.2777777778,38.0555555556,31.6666666667,20.8333333333
46.2857142857,45.4285714286,42.8571428571,40.8571428571,37.4285714286,31.1428571429,21.7142857143
45.0,44.3181818182,43.4090909091,41.8181818182,37.5,31.1363636364,20.2272727273
47.5675675676,47.2972972973,43.5135135135,40.0,38.9189189189,32.972972973,20.8108108108
47.3469387755,45.306122449,44.2857142857,41.8367346939,39.387755102,31.0204081633,18.7755102041
48.2051282051,46.6666666667,45.1282051282,42.5641025641,40.0,32.3076923077,18.7179487179
46.3888888889,46.1111111111,41.9444444444,43.0555555556,36.3888888889,33.3333333333,20.0
45.5319148936,44.4680851064,40.6382978723,38.9361702128,35.1063829787,27.6595744681,14.0425531915
48.2857142857,47.1428571429,46.0,43.4285714286,38.2857142857,34.0,20.5714285714
46.5217391304,46.3043478261,42.3913043478,41.5217391304,37.3913043478,32.6086956522,18.0434782609
49.0322580645,47.0967741935,45.8064516129,46.1290322581,40.9677419355,35.8064516129,20.9677419355
47.3913043478,45.652173913,42.3913043478,41.7391304348,37.3913043478,32.1739130435,18.6956521739
45.3846153846,44.8717948718,44.1025641026,41.2820512821,39.2307692308,34.1025641026,20.0
48.0555555556,46.6666666667,44.4444444444,38.6111111111,40.0,31.1111111111,20.8333333333
45.6,45.4,44.6,40.8,38.8,32.0,17.0
45.3846153846,44.8717948718,42.5641025641,41.0256410256,38.9743589744,36.1538461538,22.8205128205
46.3636363636,44.0909090909,42.5,40.2272727273,36.8181818182,31.5909090909,22.2727272727
50.0,48.6111111111,47.7777777778,42.2222222222,40.5555555556,35.2777777778,19.7222222222
45.1020408163,45.1020408163,42.4489795918,37.7551020408,35.9183673469,29.387755102,15.7142857143
46.8181818182,45.4545454545,41.8181818182,39.3181818182,39.3181818182,33.4090909091,17.9545454545
47.8723404255,45.5319148936,43.6170212766,40.6382978723,38.7234042553,31.4893617021,19.5744680851
46.7441860465,45.5813953488,43.023255814,42.0930232558,38.8372093023,32.3255813953,19.5348837209
46.6666666667,45.1851851852,41.4814814815,39.6296296296,38.8888888889,34.4444444444,23.3333333333
46.9444444444,45.8333333333,41.6666666667,38.8888888889,37.5,32.2222222222,21.6666666667
46.4444444444,46.4444444444,44.6666666667,38.2222222222,35.1111111111,28.6666666667,16.6666666667
46.75,46.5,44.25,41.0,39.75,31.75,19.0
46.1363636364,45.2272727273,42.9545454545,40.0,37.0454545455,30.4545454545,19.0909090909
43.8636363636,43.4090909091,41.8181818182,40.0,37.9545454545,33.6363636364,21.1363636364
49.1891891892,47.2972972973,45.1351351351,42.4324324324,40.0,33.2432432432,20.5405405405
47.6470588235,48.8235294118,48.2352941176,42.3529411765,41.1764705882,32.9411764706,20.5882352941
48.1578947368,46.0526315789,45.0,41.5789473684,37.1052631579,33.4210526316,21.5789473684
49.0322580645,47.4193548387,46.1290322581,43.2258064516,41.6129032258,34.5161290323,21.2903225806
47.2222222222,44.7222222222,42.2222222222,42.2222222222,38.6111111111,32.5,21.1111111111
47.2093023256,46.0465116279,42.5581395349,40.2325581395,38.1395348837,31.8604651163,19.3023255814
43.5135135135,42.972972973,41.6216216216,40.5405405405,36.7567567568,33.2432432432,21.3513513514
47.0454545455,45.4545454545,43.4090909091,39.0909090909,36.8181818182,33.1818181818,20.2272727273
45.2272727273,44.3181818182,42.5,40.4545454545,38.6363636364,30.4545454545,20.0
45.6,44.4,44.2,39.4,36.2,29.4,13.8
45.9375,44.375,44.375,40.9375,37.8125,36.5625,22.1875
47.6315789474,47.3684210526,43.4210526316,40.7894736842,37.3684210526,31.8421052632,18.9473684211
42.3529411765,42.3529411765,41.1764705882,38.5294117647,36.7647058824,32.9411764706,19.7058823529
44.5652173913,43.4782608696,40.8695652174,37.1739130435,33.0434782609,27.8260869565,16.0869565217
42.9411764706,42.3529411765,41.1764705882,40.2941176471,37.9411764706,32.0588235294,19.4117647059
48.064516129,46.7741935484,45.1612903226,43.2258064516,38.7096774194,35.1612903226,22.2580645161
46.8421052632,45.7894736842,43.6842105263,40.0,37.1052631579,31.8421052632,18.6842105263
42.6470588235,41.7647058824,40.8823529412,37.9411764706,36.4705882353,32.3529411765,20.5882352941
44.5945945946,44.0540540541,42.972972973,41.8918918919,36.4864864865,29.4594594595,21.3513513514
47.4193548387,47.4193548387,44.8387096774,41.935483871,41.935483871,34.1935483871,20.3225806452
44.8648648649,43.5135135135,44.0540540541,40.0,37.027027027,32.1621621622,20.2702702703
48.1578947368,46.0526315789,45.7894736842,41.8421052632,38.4210526316,33.4210526316,21.0526315789
47.5675675676,46.7567567568,44.8648648649,42.4324324324,39.4594594595,33.2432432432,20.2702702703
46.8181818182,45.4545454545,41.8181818182,39.3181818182,39.3181818182,33.4090909091,17.9545454545
46.0526315789,44.2105263158,44.2105263158,41.8421052632,39.7368421053,33.6842105263,21.3157894737
48.064516129,48.064516129,45.8064516129,42.2580645161,38.3870967742,35.8064516129,21.6129032258
45.0,44.6,41.2,38.0,36.4,30.0,14.6
46.0,44.8571428571,43.4285714286,39.1428571429,38.0,33.7142857143,20.8571428571
45.8333333333,44.375,42.2916666667,37.5,34.1666666667,28.5416666667,14.1666666667
49.0322580645,47.0967741935,46.1290322581,41.935483871,40.3225806452,35.4838709677,19.3548387097
47.8125,48.125,47.5,44.0625,41.5625,35.0,20.0
46.3414634146,45.8536585366,43.9024390244,42.9268292683,38.2926829268,36.3414634146,20.9756097561
44.8780487805,43.6585365854,42.9268292683,40.7317073171,38.7804878049,31.2195121951,18.7804878049
45.0,45.2,42.6,36.6,37.4,28.8,14.4
45.6818181818,43.4090909091,41.3636363636,41.1363636364,36.5909090909,31.3636363636,17.7272727273
46.2790697674,45.8139534884,43.023255814,39.0697674419,36.511627907,33.2558139535,20.4651162791
48.4210526316,47.3684210526,42.6315789474,41.0526315789,38.6842105263,32.6315789474,20.0
46.5384615385,45.0,43.0769230769,40.7692307692,39.2307692308,35.3846153846,25.7692307692
46.5789473684,46.5789473684,42.8947368421,40.7894736842,39.4736842105,32.3684210526,22.1052631579
46.6666666667,44.8148148148,43.7037037037,40.7407407407,39.6296296296,33.3333333333,21.8518518519
46.6666666667,46.2962962963,45.9259259259,42.962962963,40.0,34.8148148148,22.2222222222
44.5945945946,44.0540540541,41.6216216216,38.1081081081,35.9459459459,31.8918918919,20.2702702703
48.4782608696,48.2608695652,46.7391304348,43.4782608696,40.8695652174,32.8260869565,21.0869565217
48.7096774194,46.1290322581,45.1612903226,41.935483871,38.7096774194,33.2258064516,21.2903225806
45.6818181818,43.6363636364,42.7272727273,40.6818181818,37.9545454545,31.1363636364,20.2272727273
48.4090909091,47.5,45.0,42.0454545455,37.9545454545,35.0,20.4545454545
48.0555555556,46.9444444444,44.1666666667,41.1111111111,36.3888888889,33.8888888889,21.9444444444
45.1219512195,43.9024390244,42.1951219512,41.7073170732,37.8048780488,32.1951219512,20.487804878
48.0434782609,46.3043478261,46.3043478261,42.3913043478,39.7826086957,31.3043478261,20.4347826087
44.1176470588,43.2352941176,41.1764705882,37.9411764706,37.9411764706,34.1176470588,22.9411764706
44.2,43.4,40.6,39.0,36.4,26.0,14.8
45.1219512195,44.3902439024,42.4390243902,40.9756097561,37.8048780488,33.9024390244,21.9512195122
48.0555555556,46.1111111111,44.4444444444,39.7222222222,37.7777777778,34.7222222222,21.9444444444
48.0,47.75,47.0,40.75,40.0,34.25,19.0
44.693877551,43.6734693878,42.6530612245,37.1428571429,35.5102040816,30.4081632653,15.1020408163
45.5882352941,45.2941176471,44.1176470588,40.8823529412,39.4117647059,31.4705882353,21.4705882353
45.625,44.5833333333,42.2916666667,39.375,37.9166666667,30.625,18.125
47.0,46.6666666667,44.3333333333,40.6666666667,40.3333333333,32.0,24.0
46.8181818182,45.4545454545,41.8181818182,39.3181818182,39.3181818182,33.4090909091,17.9545454545
47.8947368421,47.1052631579,44.4736842105,42.8947368421,39.7368421053,31.3157894737,18.9473684211
45.3846153846,44.8717948718,43.0769230769,41.0256410256,39.7435897436,32.8205128205,21.2820512821
46.6666666667,47.2727272727,45.4545454545,43.9393939394,38.4848484848,33.9393939394,20.303030303
46.3636363636,44.7727272727,44.0909090909,41.5909090909,37.0454545455,31.8181818182,18.6363636364
44.0625,44.0625,42.5,41.5625,40.0,36.25,23.75
46.8181818182,45.4545454545,41.8181818182,39.3181818182,39.3181818182,33.4090909091,17.9545454545
47.0212765957,46.170212766,45.5319148936,40.0,37.0212765957,32.3404255319,20.2127659574
45.4285714286,45.4285714286,42.2857142857,40.5714285714,36.8571428571,32.5714285714,21.4285714286
48.5714285714,47.5,46.7857142857,44.2857142857,39.2857142857,35.0,25.3571428571
44.4,44.2,42.4,38.4,36.8,27.6,15.4
44.5454545455,44.3181818182,41.5909090909,40.6818181818,36.3636363636,32.9545454545,20.0
46.6666666667,45.9523809524,44.7619047619,40.2380952381,39.7619047619,33.5714285714,20.7142857143
48.275862069,47.9310344828,46.5517241379,43.7931034483,41.0344827586,35.5172413793,22.0689655172
49.4285714286,47.1428571429,44.8571428571,43.1428571429,38.0,32.0,20.8571428571
46.5,45.25,43.75,42.0,39.0,34.0,21.75
45.5882352941,44.7058823529,41.7647058824,37.9411764706,38.2352941176,33.2352941176,22.6470588235
47.25,46.25,44.25,42.0,39.25,32.5,20.25
45.6756756757,46.2162162162,44.3243243243,39.4594594595,37.2972972973,32.7027027027,19.1891891892
46.511627907,45.1162790698,44.1860465116,43.2558139535,35.3488372093,30.9302325581,20.2325581395
45.5813953488,44.1860465116,41.8604651163,39.3023255814,37.2093023256,33.2558139535,19.7674418605
48.5185185185,48.1481481481,44.8148148148,42.962962963,38.1481481481,35.1851851852,24.0740740741
47.3684210526,45.0,44.4736842105,42.1052631579,39.4736842105,33.6842105263,21.0526315789
48.064516129,47.4193548387,45.8064516129,43.2258064516,38.3870967742,35.1612903226,22.2580645161
48.4375,47.1875,44.375,43.4375,40.3125,33.125,22.1875
47.9545454545,46.1363636364,44.5454545455,42.0454545455,38.8636363636,32.0454545455,22.2727272727
44.8936170213,43.1914893617,39.7872340426,36.3829787234,33.4042553191,27.4468085106,14.8936170213
43.6734693878,42.0408163265,40.8163265306,36.1224489796,33.0612244898,26.7346938776,14.693877551
44.8,44.0,41.4,37.6,36.0,29.8,15.2
46.4516129032,46.4516129032,44.8387096774,41.935483871,40.0,33.2258064516,22.9032258065
46.7567567568,46.7567567568,44.5945945946,41.6216216216,38.9189189189,34.0540540541,21.0810810811
48.064516129,47.0967741935,45.4838709677,41.2903225806,39.0322580645,33.2258064516,20.9677419355
46.9230769231,46.1538461538,43.4615384615,41.9230769231,39.6153846154,36.1538461538,24.6153846154
46.9230769231,45.7692307692,45.3846153846,40.7692307692,38.8461538462,35.3846153846,25.7692307692
47.8378378378,47.5675675676,43.5135135135,40.0,38.1081081081,34.3243243243,21.0810810811
47.3170731707,45.8536585366,45.1219512195,43.6585365854,38.5365853659,33.9024390244,19.0243902439
49.4117647059,49.1176470588,45.8823529412,43.8235294118,39.7058823529,33.5294117647,20.5882352941
49.4594594595,46.7567567568,46.2162162162,40.8108108108,38.9189189189,33.2432432432,19.7297297297
46.6666666667,44.4444444444,43.0555555556,39.4444444444,38.3333333333,32.7777777778,20.2777777778
45.2272727273,44.3181818182,41.8181818182,40.2272727273,39.3181818182,31.1363636364,20.2272727273
47.027027027,45.9459459459,44.0540540541,40.0,37.027027027,32.7027027027,22.4324324324
46.3157894737,44.2105263158,43.6842105263,41.3157894737,37.6315789474,31.5789473684,20.7894736842
46.25,45.0,43.0,41.5,38.75,31.5,21.75
48.4615384615,47.6923076923,47.6923076923,43.8461538462,41.5384615385,33.0769230769,25.0
45.8695652174,45.2173913043,42.3913043478,39.7826086957,37.1739130435,30.652173913,18.9130434783
45.7692307692,45.3846153846,43.8461538462,40.3846153846,38.0769230769,32.3076923077,23.4615384615
46.9444444444,46.1111111111,45.5555555556,41.3888888889,38.8888888889,34.1666666667,20.8333333333
45.4545454545,46.5909090909,43.1818181818,40.4545454545,36.8181818182,33.1818181818,20.4545454545
45.0,45.4545454545,43.8636363636,40.0,37.7272727273,32.5,19.7727272727
48.275862069,47.9310344828,46.8965517241,43.7931034483,44.4827586207,35.5172413793,24.1379310345
46.2162162162,45.4054054054,43.7837837838,39.1891891892,38.3783783784,31.8918918919,20.2702702703
46.6666666667,44.4444444444,43.0555555556,39.4444444444,38.3333333333,32.7777777778,20.2777777778
45.3846153846,45.1282051282,42.8205128205,41.7948717949,39.4871794872,35.641025641,22.5641025641
48.3333333333,47.2222222222,44.1666666667,41.3888888889,39.1666666667,32.5,20.5555555556
44.347826087,44.1304347826,43.9130434783,39.7826086957,37.3913043478,31.9565217391,18.2608695652
45.0,44.6,41.2,37.8,36.8,27.6,15.2
45.7142857143,45.0,43.0952380952,41.1904761905,39.0476190476,32.1428571429,21.4285714286
49.5,47.5,46.0,41.25,40.5,35.0,21.25
47.2093023256,46.511627907,42.0930232558,40.0,38.8372093023,31.8604651163,19.3023255814
48.4615384615,46.4102564103,44.6153846154,41.2820512821,36.9230769231,33.3333333333,19.2307692308
46.8181818182,45.4545454545,41.8181818182,39.3181818182,39.3181818182,33.4090909091,17.9545454545
47.6086956522,46.7391304348,46.0869565217,41.0869565217,39.5652173913,32.3913043478,18.4782608696
48.064516129,46.4516129032,45.8064516129,43.5483870968,41.2903225806,32.9032258065,19.0322580645
46.3636363636,46.3636363636,44.5454545455,41.3636363636,37.2727272727,32.0454545455,19.3181818182
47.7419354839,46.1290322581,44.1935483871,40.0,40.0,33.8709677419,19.6774193548
45.3846153846,45.1282051282,42.8205128205,41.7948717949,39.4871794872,35.641025641,22.5641025641
48.064516129,48.3870967742,46.7741935484,43.5483870968,38.064516129,37.7419354839,20.9677419355
43.8,43.4,42.0,37.6,35.4,27.6,14.2
46.8181818182,45.4545454545,41.8181818182,39.3181818182,39.3181818182,33.4090909091,17.9545454545
47.2222222222,45.2777777778,45.2777777778,41.6666666667,38.6111111111,32.5,21.1111111111
48.5185185185,46.6666666667,46.6666666667,41.8518518519,40.0,34.8148148148,25.5555555556
48.064516129,48.064516129,45.8064516129,42.2580645161,38.3870967742,35.8064516129,21.6129032258
47.0,46.5,44.5,41.25,41.0,35.75,21.25
48.8571428571,47.7142857143,44.5714285714,41.1428571429,39.4285714286,34.8571428571,21.1428571429
46.5789473684,46.5789473684,44.7368421053,41.8421052632,39.4736842105,31.0526315789,19.4736842105
44.8780487805,44.6341463415,44.1463414634,41.2195121951,36.8292682927,33.1707317073,20.7317073171
46.2790697674,44.6511627907,44.6511627907,40.4651162791,37.4418604651,31.3953488372,19.5348837209
46.7857142857,46.4285714286,45.3571428571,42.1428571429,42.5,34.6428571429,23.9285714286
48.5714285714,47.1428571429,46.0714285714,44.6428571429,40.7142857143,34.2857142857,22.8571428571
48.5185185185,47.037037037,45.5555555556,42.2222222222,39.6296296296,35.1851851852,24.8148148148
46.0526315789,45.2631578947,41.3157894737,39.4736842105,36.3157894737,31.8421052632,20.7894736842
46.9444444444,45.5555555556,41.9444444444,37.7777777778,37.2222222222,31.6666666667,20.5555555556
46.5789473684,46.3157894737,45.0,40.5263157895,37.3684210526,30.2631578947,20.7894736842
45.0,44.5454545455,43.6363636364,39.3181818182,37.2727272727,31.3636363636,19.7727272727
47.6595744681,46.3829787234,43.829787234,42.1276595745,38.9361702128,32.9787234043,19.7872340426
45.6818181818,45.4545454545,44.5454545455,38.4090909091,37.5,31.3636363636,19.5454545455
48.3870967742,46.4516129032,45.4838709677,40.0,41.6129032258,34.8387096774,20.3225806452
46.7391304348,45.4347826087,45.2173913043,40.8695652174,39.347826087,33.2608695652,18.6956521739
46.3888888889,46.6666666667,43.6111111111,41.3888888889,40.2777777778,33.8888888889,21.1111111111
47.6315789474,47.6315789474,44.7368421053,41.5789473684,38.9473684211,33.6842105263,21.5789473684
47.1428571429,45.0,44.2857142857,43.5714285714,40.7142857143,32.5,21.4285714286
45.2173913043,43.9130434783,41.5217391304,38.6956521739,38.0434782609,32.3913043478,17.8260869565
46.7441860465,46.2790697674,43.9534883721,39.5348837209,38.6046511628,31.8604651163,19.3023255814
48.6111111111,48.3333333333,45.2777777778,42.2222222222,36.9444444444,33.0555555556,20.8333333333
49.25,47.25,47.0,45.0,39.25,35.75,20.0
48.064516129,46.1290322581,46.1290322581,42.9032258065,39.3548387097,32.9032258065,20.6451612903
47.3170731707,46.8292682927,44.6341463415,40.9756097561,38.0487804878,32.1951219512,18.2926829268
46.7441860465,44.6511627907,43.7209302326,40.9302325581,37.4418604651,31.3953488372,20.9302325581
42.9411764706,42.6470588235,40.5882352941,37.9411764706,34.7058823529,31.1764705882,20.8823529412
46.6666666667,45.5555555556,44.8148148148,42.5925925926,40.7407407407,35.5555555556,21.8518518519
45.0,44.7727272727,42.5,40.6818181818,37.2727272727,32.0454545455,19.0909090909
45.9574468085,45.5319148936,44.6808510638,41.7021276596,38.2978723404,34.0425531915,20.6382978723
46.2962962963,45.9259259259,44.4444444444,41.8518518519,37.037037037,35.9259259259,23.3333333333
48.0555555556,45.8333333333,44.4444444444,41.1111111111,37.7777777778,33.6111111111,19.7222222222
46.7391304348,46.5217391304,43.4782608696,38.4782608696,37.1739130435,29.1304347826,16.5217391304
49.347826087,46.9565217391,44.347826087,41.5217391304,38.0434782609,31.0869565217,20.8695652174
47.0454545455,45.9090909091,42.9545454545,39.7727272727,37.9545454545,32.7272727273,19.7727272727
46.6666666667,44.6153846154,42.0512820513,39.4871794872,38.9743589744,32.3076923077,21.2820512821
48.9473684211,49.7368421053,44.4736842105,42.6315789474,41.0526315789,34.4736842105,20.2631578947
46.0606060606,45.7575757576,44.8484848485,40.303030303,42.1212121212,34.2424242424,21.8181818182
47.25,47.0,46.0,44.25,40.75,35.0,21.0
48.3333333333,46.3888888889,45.8333333333,40.8333333333,37.5,34.4444444444,22.2222222222
46.1904761905,45.7142857143,43.5714285714,40.0,37.380952381,30.9523809524,19.7619047619
46.6666666667,45.0,43.8888888889,40.8333333333,38.6111111111,31.6666666667,20.5555555556
46.3043478261,45.4347826087,44.1304347826,39.7826086957,34.7826086957,27.8260869565,16.3043478261
46.5714285714,45.4285714286,43.4285714286,40.2857142857,37.4285714286,32.5714285714,22.2857142857
47.0212765957,46.3829787234,45.3191489362,39.7872340426,38.2978723404,32.3404255319,20.2127659574
48.4615384615,47.3076923077,45.0,45.0,39.6153846154,37.6923076923,25.0
48.9285714286,47.8571428571,44.2857142857,42.8571428571,40.7142857143,35.7142857143,25.0
46.6666666667,45.5555555556,44.4444444444,42.962962963,39.6296296296,35.5555555556,22.2222222222
48.8571428571,47.4285714286,45.7142857143,41.1428571429,39.4285714286,32.0,18.5714285714
46.3636363636,44.7727272727,43.8636363636,40.0,38.4090909091,31.1363636364,19.5454545455
46.511627907,44.6511627907,43.7209302326,41.1627906977,36.976744186,33.023255814,20.6976744186
47.8260869565,47.6086956522,45.652173913,40.8695652174,38.6956521739,33.9130434783,19.5652173913
49.0322580645,48.7096774194,46.4516129032,44.1935483871,40.3225806452,33.8709677419,20.9677419355
49.0322580645,47.0967741935,46.1290322581,43.5483870968,39.0322580645,35.8064516129,21.935483871
43.5294117647,43.2352941176,40.5882352941,37.3529411765,37.0588235294,31.1764705882,20.2941176471
44.8,44.6,41.6,37.4,36.6,28.4,14.4
44.8,44.6,41.6,37.4,36.6,28.4,14.4
46.8181818182,45.4545454545,41.8181818182,39.3181818182,39.3181818182,33.4090909091,17.9545454545
46.7567567568,45.4054054054,43.2432432432,40.0,38.1081081081,32.972972973,19.4594594595
46.25,45.0,43.0,41.5,38.75,31.5,21.75
48.275862069,48.275862069,47.2413793103,45.5172413793,42.7586206897,38.275862069,24.1379310345
45.6818181818,44.5454545455,42.9545454545,39.0909090909,36.5909090909,32.9545454545,18.6363636364
48.064516129,47.7419354839,44.1935483871,42.9032258065,39.3548387097,33.5483870968,19.3548387097
47.1428571429,45.1428571429,44.0,39.4285714286,39.4285714286,31.7142857143,22.5714285714
48.064516129,48.064516129,45.8064516129,42.2580645161,38.3870967742,35.8064516129,21.6129032258
48.064516129,47.0967741935,46.7741935484,44.5161290323,42.9032258065,32.9032258065,19.6774193548
46.5909090909,46.5909090909,44.0909090909,41.1363636364,37.9545454545,30.2272727273,19.0909090909
48.3783783784,47.2972972973,45.6756756757,41.0810810811,38.9189189189,34.0540540541,22.4324324324
47.8378378378,45.9459459459,43.2432432432,42.972972973,38.1081081081,32.7027027027,18.3783783784
46.8181818182,45.4545454545,41.8181818182,39.3181818182,39.3181818182,33.4090909091,17.9545454545
47.5,46.3888888889,44.1666666667,41.1111111111,38.0555555556,32.5,21.6666666667
46.1538461538,45.0,45.3846153846,41.1538461538,40.0,35.7692307692,25.0
49.5,49.0,46.25,42.25,39.0,34.5,20.75
47.3913043478,45.0,43.2608695652,41.9565217391,37.3913043478,32.3913043478,21.7391304348
46.6666666667,46.1904761905,44.5238095238,43.5714285714,39.0476190476,33.0952380952,20.2380952381
44.5833333333,44.375,41.4583333333,37.2916666667,35.625,28.125,15.8333333333
44.8,44.6,41.6,37.4,36.6,28.4,14.4
45.0,45.0,42.8,39.0,34.6,30.0,14.8
48.3870967742,48.064516129,45.4838709677,43.2258064516,40.0,35.8064516129,20.0
46.0,45.5,43.0,41.0,40.75,33.75,22.0
48.3333333333,49.1666666667,43.6111111111,43.6111111111,38.6111111111,32.2222222222,19.4444444444
46.976744186,46.0465116279,44.4186046512,42.7906976744,38.6046511628,33.7209302326,20.4651162791
44.2424242424,44.2424242424,42.4242424242,39.696969697,38.1818181818,31.8181818182,23.9393939394
45.5555555556,45.0,43.6111111111,40.2777777778,39.7222222222,35.5555555556,20.0
43.4693877551,42.6530612245,40.8163265306,37.9591836735,35.7142857143,26.7346938776,16.1224489796
45.4347826087,44.1304347826,42.3913043478,37.8260869565,34.5652173913,27.6086956522,15.4347826087
45.2631578947,44.2105263158,42.3684210526,40.7894736842,36.8421052632,31.8421052632,18.6842105263
44.7826086957,43.6956521739,42.1739130435,37.6086956522,36.7391304348,28.2608695652,15.2173913043
47.6744186047,46.2790697674,43.9534883721,40.4651162791,37.9069767442,34.8837209302,19.7674418605
48.0,46.0,46.4,42.8,41.6,33.2,24.4
46.8571428571,44.5714285714,43.4285714286,39.7142857143,39.1428571429,32.5714285714,21.7142857143
46.8181818182,45.4545454545,41.8181818182,39.3181818182,39.3181818182,33.4090909091,17.9545454545
48.3870967742,48.3870967742,46.1290322581,41.2903225806,38.3870967742,32.5806451613,21.935483871
46.4864864865,45.4054054054,41.6216216216,42.4324324324,36.7567567568,33.2432432432,20.5405405405
44.347826087,43.9130434783,42.1739130435,36.5217391304,35.0,28.6956521739,14.1304347826
47.6315789474,47.8947368421,43.4210526316,42.6315789474,37.8947368421,32.1052631579,20.5263157895
45.2,44.4,41.8,39.2,36.6,27.0,14.8
47.0454545455,45.6818181818,43.1818181818,40.2272727273,37.5,31.3636363636,19.0909090909
48.064516129,47.4193548387,45.1612903226,43.8709677419,40.6451612903,35.4838709677,19.6774193548
49.25,48.0,44.75,42.25,41.5,34.25,22.0
45.75,45.75,44.0,39.75,38.0,33.75,19.75
47.2413793103,46.5517241379,44.8275862069,42.0689655172,42.4137931034,34.8275862069,22.0689655172
46.6666666667,44.4444444444,43.0555555556,39.4444444444,38.3333333333,32.7777777778,20.2777777778
46.8181818182,45.4545454545,41.8181818182,39.3181818182,39.3181818182,33.4090909091,17.9545454545
43.4782608696,42.8260869565,40.652173913,37.1739130435,32.8260869565,26.9565217391,17.3913043478
47.6595744681,46.3829787234,41.914893617,38.9361702128,36.3829787234,30.6382978723,19.3617021277
47.1739130435,45.2173913043,43.4782608696,40.8695652174,37.6086956522,32.6086956522,19.1304347826
46.8965517241,45.8620689655,44.8275862069,43.1034482759,38.275862069,34.1379310345,22.7586206897
49.0,48.75,46.25,41.25,40.25,34.75,20.5
47.7777777778,47.2222222222,45.2777777778,41.1111111111,38.0555555556,32.5,20.2777777778
48.7096774194,47.0967741935,43.8709677419,41.2903225806,38.3870967742,33.8709677419,19.3548387097
46.8,45.2,43.6,40.4,38.8,33.2,25.2
49.5,49.0,46.25,42.25,39.0,34.5,20.75
48.5185185185,47.4074074074,45.9259259259,44.4444444444,40.0,34.8148148148,25.1851851852
46.8965517241,46.8965517241,44.1379310345,42.4137931034,40.3448275862,34.4827586207,23.4482758621
46.8,45.6,43.6,42.0,38.8,32.0,25.6
46.2962962963,46.2962962963,43.7037037037,41.8518518519,38.8888888889,32.5925925926,22.962962963
45.3846153846,44.8717948718,42.5641025641,41.0256410256,38.9743589744,36.1538461538,22.8205128205
47.2340425532,45.5319148936,45.1063829787,42.9787234043,38.085106383,30.0,19.5744680851
46.6666666667,45.5555555556,42.5,39.1666666667,37.2222222222,32.5,21.6666666667
48.0555555556,45.5555555556,44.4444444444,42.5,39.1666666667,33.3333333333,20.5555555556
46.25,45.75,45.0,41.75,39.75,33.25,20.0
46.8085106383,45.5319148936,42.7659574468,41.914893617,38.5106382979,34.4680851064,20.0
48.6111111111,47.7777777778,44.7222222222,40.0,40.0,33.3333333333,22.5
46.6666666667,45.5555555556,43.8888888889,38.0555555556,36.6666666667,33.0555555556,20.2777777778
46.0416666667,44.7916666667,42.5,36.6666666667,37.2916666667,28.9583333333,16.25
46.6666666667,46.2962962963,45.5555555556,40.0,38.8888888889,31.8518518519,23.7037037037
47.1052631579,47.3684210526,45.5263157895,42.8947368421,37.1052631579,33.4210526316,20.2631578947
47.5,46.9444444444,44.7222222222,40.8333333333,38.6111111111,31.3888888889,21.6666666667
44.1176470588,44.4117647059,41.4705882353,39.4117647059,35.5882352941,31.7647058824,23.5294117647
45.9259259259,46.2962962963,45.5555555556,43.3333333333,40.0,33.3333333333,21.8518518519
44.5652173913,43.2608695652,41.7391304348,37.3913043478,33.0434782609,26.7391304348,14.347826087
44.8780487805,44.8780487805,44.1463414634,40.9756097561,38.7804878049,32.4390243902,19.756097561
47.2727272727,46.1363636364,43.8636363636,41.8181818182,40.4545454545,34.0909090909,19.7727272727
46.8181818182,45.4545454545,41.8181818182,39.3181818182,39.3181818182,33.4090909091,17.9545454545
45.0,43.8,42.0,39.2,35.2,27.8,15.0
47.6595744681,46.8085106383,44.8936170213,40.0,37.6595744681,33.1914893617,17.8723404255
48.3870967742,47.4193548387,45.4838709677,42.5806451613,39.0322580645,33.5483870968,22.2580645161
43.4,43.4,40.6,37.4,36.4,27.6,15.6
43.8,42.8,41.2,37.4,33.6,29.8,15.2
47.2727272727,45.0,43.1818181818,40.2272727273,38.1818181818,33.1818181818,18.6363636364
48.8888888889,47.037037037,46.2962962963,41.4814814815,41.1111111111,34.8148148148,25.5555555556
47.7777777778,45.5555555556,42.5,40.2777777778,38.0555555556,31.6666666667,20.8333333333
48.2142857143,47.1428571429,45.0,43.9285714286,43.9285714286,37.1428571429,24.6428571429
48.6666666667,47.3333333333,46.3333333333,45.0,40.0,37.6666666667,23.0
46.5517241379,45.8620689655,45.5172413793,44.1379310345,40.3448275862,35.1724137931,23.4482758621
46.1111111111,45.2777777778,43.6111111111,40.0,38.0555555556,30.8333333333,21.3888888889
48.7096774194,47.7419354839,45.8064516129,44.8387096774,40.9677419355,34.8387096774,20.0
46.0714285714,46.4285714286,43.5714285714,41.4285714286,41.0714285714,33.9285714286,22.8571428571
47.2340425532,45.9574468085,44.4680851064,39.5744680851,35.9574468085,30.2127659574,18.5106382979
45.2777777778,45.8333333333,43.0555555556,41.1111111111,36.6666666667,31.6666666667,21.1111111111
49.75,47.25,45.75,42.25,39.75,36.0,21.5
48.5714285714,48.2142857143,47.5,45.0,42.8571428571,36.7857142857,23.9285714286
46.8421052632,45.5263157895,43.6842105263,42.6315789474,40.0,33.9473684211,20.2631578947
48.6206896552,48.9655172414,47.2413793103,45.1724137931,41.3793103448,37.9310344828,24.1379310345
47.2222222222,45.8333333333,42.2222222222,40.5555555556,39.1666666667,31.6666666667,22.7777777778
44.5454545455,44.3181818182,41.5909090909,40.6818181818,36.3636363636,32.9545454545,20.0
48.7096774194,47.0967741935,45.4838709677,44.1935483871,40.3225806452,34.8387096774,20.0
46.2162162162,44.5945945946,41.0810810811,41.3513513514,35.4054054054,31.0810810811,19.1891891892
46.8181818182,45.4545454545,41.8181818182,39.3181818182,39.3181818182,33.4090909091,17.9545454545
47.1428571429,45.7142857143,43.2142857143,42.5,39.6428571429,36.7857142857,24.2857142857
46.5714285714,45.7142857143,44.0,41.1428571429,39.1428571429,33.1428571429,19.1428571429
46.6666666667,45.9259259259,45.5555555556,42.5925925926,40.7407407407,34.8148148148,25.1851851852
48.5714285714,47.1428571429,46.0714285714,41.7857142857,40.3571428571,36.0714285714,23.9285714286
45.0,45.2272727273,42.2727272727,40.0,37.5,31.3636363636,18.8636363636
46.8181818182,45.4545454545,41.8181818182,39.3181818182,39.3181818182,33.4090909091,17.9545454545
48.1578947368,47.6315789474,43.9473684211,41.8421052632,38.1578947368,32.3684210526,18.9473684211
48.0769230769,48.4615384615,46.5384615385,44.6153846154,42.6923076923,35.7692307692,25.7692307692
44.0,43.4,41.8,37.2,35.8,28.0,14.6
46.5,46.5,43.5,41.75,39.25,30.75,20.0
49.0,48.75,46.25,41.25,40.25,34.75,20.5
45.7777777778,44.2222222222,41.7777777778,39.5555555556,36.2222222222,29.7777777778,18.2222222222
48.8888888889,47.4074074074,46.6666666667,45.5555555556,41.4814814815,36.6666666667,24.4444444444
46.9444444444,45.5555555556,44.1666666667,39.7222222222,40.0,33.0555555556,20.8333333333
46.5714285714,45.4285714286,43.4285714286,40.2857142857,37.4285714286,32.5714285714,22.2857142857
45.1020408163,44.8979591837,43.8775510204,38.1632653061,35.1020408163,28.9795918367,14.8979591837
46.9444444444,45.5555555556,41.9444444444,37.7777777778,37.2222222222,31.6666666667,20.5555555556
46.2222222222,45.3333333333,42.4444444444,38.0,36.6666666667,27.5555555556,13.7777777778
47.5675675676,47.027027027,45.4054054054,42.1621621622,35.9459459459,30.0,18.1081081081
49.7297297297,47.8378378378,45.9459459459,42.1621621622,40.2702702703,32.4324324324,18.3783783784
48.8888888889,47.037037037,46.2962962963,43.7037037037,41.8518518519,37.037037037,22.5925925926
45.306122449,44.8979591837,42.6530612245,38.9795918367,36.1224489796,28.5714285714,14.2857142857
47.2222222222,46.1111111111,45.0,40.2777777778,38.6111111111,32.2222222222,21.6666666667
46.8181818182,45.4545454545,41.8181818182,39.3181818182,39.3181818182,33.4090909091,17.9545454545
44.5945945946,44.5945945946,42.7027027027,37.2972972973,36.7567567568,33.7837837838,20.0
47.5,47.7777777778,43.8888888889,41.1111111111,38.6111111111,33.0555555556,20.5555555556
48.0434782609,46.9565217391,45.2173913043,41.9565217391,38.0434782609,32.1739130435,18.6956521739
48.75,49.0,44.75,42.0,39.0,33.75,21.25
46.3888888889,44.4444444444,41.3888888889,37.5,35.2777777778,30.8333333333,20.5555555556
49.0,48.0,46.6666666667,44.0,41.0,36.3333333333,20.0
46.3888888889,45.5555555556,44.1666666667,39.7222222222,39.4444444444,32.2222222222,22.2222222222
46.1111111111,45.8333333333,44.4444444444,38.8888888889,34.4444444444,32.5,21.3888888889
44.1666666667,43.125,41.6666666667,36.0416666667,33.5416666667,26.25,14.375
48.8461538462,47.6923076923,45.7692307692,41.1538461538,40.0,36.9230769231,24.2307692308
45.6818181818,45.4545454545,43.6363636364,41.5909090909,38.4090909091,31.8181818182,19.3181818182
46.5714285714,46.2857142857,42.8571428571,40.0,36.0,35.4285714286,22.2857142857
48.064516129,48.064516129,45.8064516129,42.2580645161,38.3870967742,35.8064516129,21.6129032258
46.7567567568,46.2162162162,42.7027027027,40.2702702703,39.4594594595,32.4324324324,20.0
45.1282051282,44.8717948718,43.3333333333,40.5128205128,39.2307692308,34.6153846154,20.0
48.4782608696,46.3043478261,45.0,43.0434782609,38.6956521739,31.5217391304,19.347826087
48.5714285714,47.8571428571,46.0714285714,43.2142857143,40.7142857143,37.1428571429,23.2142857143
48.0434782609,48.0434782609,46.9565217391,42.1739130435,39.347826087,35.0,21.0869565217
47.1428571429,46.4285714286,45.0,45.3571428571,41.7857142857,36.4285714286,23.9285714286
48.7096774194,47.7419354839,45.8064516129,44.5161290323,41.2903225806,35.1612903226,20.9677419355
46.6666666667,44.4444444444,43.0555555556,39.4444444444,38.3333333333,32.7777777778,20.2777777778
46.0465116279,45.1162790698,42.5581395349,38.8372093023,37.9069767442,31.3953488372,18.1395348837
