ten,twen,threefive,fifty,sixty,sevenfive,nine
42.7027027027,42.7027027027,41.3513513514,40.0,37.8378378378,32.7027027027,24.3243243243
45.6818181818,45.0,44.0909090909,41.5909090909,37.0454545455,28.4090909091,17.7272727273
46.1111111111,44.1666666667,43.3333333333,40.5555555556,39.4444444444,33.6111111111,23.6111111111
45.7142857143,44.8571428571,43.4285714286,41.4285714286,38.5714285714,34.8571428571,25.1428571429
47.9545454545,47.2727272727,43.6363636364,41.1363636364,35.6818181818,30.2272727273,17.5
48.5416666667,45.2083333333,45.8333333333,42.2916666667,38.9583333333,33.3333333333,21.4583333333
47.6315789474,46.5789473684,46.3157894737,42.6315789474,40.0,34.2105263158,19.4736842105
47.962962963,46.8518518519,44.8148148148,41.6666666667,38.1481481481,33.3333333333,22.5925925926
48.6111111111,46.9444444444,45.2777777778,43.0555555556,39.7222222222,36.6666666667,23.8888888889
45.4545454545,44.5454545455,42.9545454545,38.1818181818,35.0,31.1363636364,18.8636363636
44.6666666667,44.4444444444,42.2222222222,39.5555555556,36.4444444444,29.5555555556,20.6666666667
46.8571428571,44.8571428571,44.0,43.4285714286,40.8571428571,35.4285714286,21.7142857143
45.75,45.75,43.0,40.0,39.25,29.5,19.5
49.7826086957,47.6086956522,47.1739130435,41.0869565217,39.1304347826,31.7391304348,21.3043478261
48.431372549,46.862745098,44.1176470588,40.3921568627,37.2549019608,28.0392156863,14.5098039216
47.9545454545,47.9545454545,46.1363636364,42.9545454545,37.2727272727,30.9090909091,20.0
48.5714285714,46.5306122449,44.693877551,42.4489795918,38.7755102041,32.0408163265,19.7959183673
46.1111111111,45.2777777778,44.1666666667,43.8888888889,38.6111111111,33.3333333333,25.2777777778
45.8695652174,46.9565217391,42.3913043478,40.4347826087,38.6956521739,30.4347826087,18.6956521739
47.1428571429,46.0,44.2857142857,41.7142857143,38.2857142857,34.8571428571,21.7142857143
48.5416666667,47.2916666667,45.4166666667,42.5,39.5833333333,31.4583333333,19.1666666667
45.5555555556,45.1111111111,40.8888888889,38.6666666667,36.6666666667,26.6666666667,18.6666666667
44.7826086957,44.1304347826,41.7391304348,40.4347826087,35.4347826087,29.1304347826,17.8260869565
49.512195122,48.0487804878,44.3902439024,40.7317073171,36.3414634146,30.0,19.0243902439
43.1428571429,42.8571428571,41.4285714286,38.8571428571,35.4285714286,32.2857142857,20.0
47.7777777778,46.6666666667,45.5555555556,42.7777777778,39.4444444444,32.7777777778,23.0555555556
48.6046511628,46.7441860465,44.4186046512,39.5348837209,37.2093023256,30.0,19.3023255814
45.4347826087,43.9130434783,42.3913043478,38.2608695652,37.1739130435,31.5217391304,19.5652173913
46.4285714286,45.7142857143,43.5714285714,39.0476190476,37.8571428571,30.9523809524,20.7142857143
45.3658536585,43.4146341463,40.9756097561,37.5609756098,34.1463414634,29.512195122,16.5853658537
46.4864864865,45.4054054054,44.5945945946,41.3513513514,38.9189189189,34.0540540541,24.3243243243
46.1904761905,46.1904761905,43.3333333333,39.5238095238,38.5714285714,31.9047619048,19.7619047619
44.5652173913,44.5652173913,41.3043478261,39.5652173913,37.8260869565,31.3043478261,19.7826086957
46.3157894737,45.5263157895,43.6842105263,44.2105263158,40.2631578947,35.0,21.8421052632
48.1132075472,46.6037735849,43.5849056604,40.0,38.4905660377,33.0188679245,19.8113207547
47.2972972973,46.2162162162,44.0540540541,41.0810810811,40.8108108108,36.4864864865,19.7297297297
46.8965517241,46.2068965517,43.9655172414,40.6896551724,37.9310344828,29.8275862069,15.5172413793
47.4358974359,45.641025641,44.358974359,40.7692307692,39.7435897436,32.0512820513,21.2820512821
46.5384615385,45.3846153846,44.4230769231,40.5769230769,37.3076923077,30.7692307692,20.9615384615
48.4,47.8,44.4,41.0,37.0,32.8,19.4
43.3333333333,43.0555555556,41.1111111111,39.1666666667,36.3888888889,31.6666666667,21.1111111111
44.7368421053,43.1578947368,41.3157894737,39.2105263158,37.6315789474,31.0526315789,21.0526315789
48.4848484848,48.7878787879,48.4848484848,42.4242424242,43.6363636364,35.7575757576,24.5454545455
45.9615384615,45.0,42.1153846154,40.7692307692,37.8846153846,33.6538461538,18.4615384615
44.5945945946,42.972972973,44.0540540541,39.7297297297,36.7567567568,32.4324324324,21.0810810811
46.5517241379,45.6896551724,43.7931034483,39.1379310345,37.2413793103,27.0689655172,15.6896551724
43.9655172414,42.7586206897,41.2068965517,38.1034482759,34.6551724138,27.2413793103,14.1379310345
46.4444444444,45.3333333333,44.0,39.7777777778,35.1111111111,29.5555555556,18.0
48.6538461538,46.5384615385,45.1923076923,42.5,39.8076923077,33.0769230769,20.0
43.0909090909,42.3636363636,40.9090909091,37.8181818182,33.2727272727,26.9090909091,13.6363636364
47.3913043478,45.4347826087,45.0,42.3913043478,38.4782608696,30.652173913,19.1304347826
46.6666666667,45.0,40.2380952381,38.0952380952,35.7142857143,29.0476190476,18.5714285714
48.75,47.25,44.25,40.5,35.75,33.0,18.0
45.1282051282,43.3333333333,43.0769230769,39.4871794872,34.6153846154,31.2820512821,22.0512820513
44.5945945946,42.972972973,40.2702702703,38.1081081081,36.7567567568,32.972972973,21.6216216216
46.3461538462,45.9615384615,43.6538461538,40.9615384615,37.5,30.5769230769,19.4230769231
46.0975609756,44.8780487805,41.4634146341,37.5609756098,35.3658536585,30.243902439,18.0487804878
50.0,49.1891891892,47.2972972973,44.0540540541,41.3513513514,35.1351351351,21.8918918919
45.6603773585,44.9056603774,42.8301886792,39.2452830189,35.4716981132,32.4528301887,19.4339622642
46.3461538462,45.7692307692,43.2692307692,40.1923076923,38.4615384615,31.3461538462,20.0
46.8965517241,47.4137931034,44.3103448276,41.8965517241,37.0689655172,29.3103448276,15.6896551724
46.6666666667,46.1666666667,43.5,40.8333333333,36.1666666667,27.8333333333,15.8333333333
47.3214285714,46.25,43.75,39.8214285714,33.9285714286,26.4285714286,13.2142857143
44.1304347826,43.9130434783,40.2173913043,39.7826086957,35.8695652174,32.6086956522,18.9130434783
47.5,47.2727272727,45.9090909091,40.9090909091,40.9090909091,31.3636363636,18.4090909091
44.7826086957,43.2608695652,41.0869565217,38.4782608696,36.5217391304,30.4347826087,20.4347826087
47.8947368421,47.0175438596,43.8596491228,40.350877193,38.5964912281,30.8771929825,14.3859649123
48.3333333333,46.1904761905,44.0476190476,40.7142857143,37.619047619,32.619047619,18.5714285714
45.6097560976,43.4146341463,40.487804878,38.5365853659,35.8536585366,28.2926829268,16.5853658537
45.3658536585,45.3658536585,40.9756097561,37.3170731707,34.3902439024,27.8048780488,19.0243902439
48.1081081081,46.4864864865,44.5945945946,42.1621621622,38.9189189189,32.7027027027,22.1621621622
46.2745098039,45.0980392157,44.5098039216,40.3921568627,38.0392156863,33.137254902,19.4117647059
48.3783783784,47.2972972973,44.3243243243,41.8918918919,40.0,33.7837837838,21.0810810811
45.8536585366,44.8780487805,40.0,40.7317073171,36.5853658537,27.8048780488,19.2682926829
46.4583333333,45.2083333333,44.5833333333,41.0416666667,38.125,30.8333333333,21.0416666667
46.0869565217,45.2173913043,42.6086956522,38.6956521739,36.7391304348,29.7826086957,20.652173913
44.8,44.4,43.4,39.8,38.8,31.8,20.6
47.25,44.75,43.0,41.75,38.5,28.25,18.25
44.8648648649,45.1351351351,43.5135135135,41.3513513514,37.5675675676,32.7027027027,22.972972973
46.3157894737,46.0526315789,44.2105263158,40.7894736842,38.9473684211,30.5263157895,21.0526315789
45.4166666667,45.0,43.75,39.7916666667,35.4166666667,29.7916666667,19.1666666667
46.4864864865,44.0540540541,41.6216216216,41.0810810811,38.9189189189,34.0540540541,21.6216216216
46.8421052632,46.0526315789,44.7368421053,43.6842105263,38.6842105263,32.6315789474,19.4736842105
45.0,44.1379310345,42.4137931034,38.4482758621,35.5172413793,29.3103448276,16.3793103448
46.3636363636,45.4545454545,42.9545454545,40.6818181818,37.2727272727,30.4545454545,18.8636363636
49.7222222222,48.3333333333,46.3888888889,43.0555555556,41.1111111111,34.4444444444,21.3888888889
47.4358974359,46.6666666667,45.1282051282,42.3076923077,37.9487179487,32.0512820513,21.7948717949
47.5609756098,46.3414634146,42.9268292683,40.9756097561,36.3414634146,30.243902439,16.5853658537
43.7735849057,42.641509434,40.7547169811,38.679245283,35.6603773585,28.1132075472,14.5283018868
47.5510204082,45.9183673469,44.2857142857,40.0,39.1836734694,32.6530612245,20.2040816327
47.4358974359,46.9230769231,44.6153846154,41.5384615385,39.4871794872,32.3076923077,19.7435897436
47.5555555556,46.4444444444,43.7777777778,38.4444444444,36.4444444444,30.8888888889,19.7777777778
46.0,45.4285714286,43.7142857143,43.1428571429,42.2857142857,35.1428571429,24.5714285714
46.5909090909,44.7727272727,44.5454545455,39.7727272727,37.2727272727,30.6818181818,17.5
47.1052631579,46.3157894737,44.4736842105,43.9473684211,40.2631578947,31.8421052632,20.5263157895
47.0175438596,46.1403508772,45.2631578947,41.9298245614,38.2456140351,29.649122807,14.9122807018
45.0,44.5238095238,42.619047619,37.619047619,35.4761904762,29.7619047619,18.3333333333
44.6666666667,43.1111111111,41.5555555556,38.8888888889,36.8888888889,27.1111111111,18.0
45.8333333333,43.0555555556,41.6666666667,39.1666666667,38.8888888889,33.0555555556,23.0555555556
44.8214285714,45.3571428571,43.3928571429,39.2857142857,35.0,28.75,14.4642857143
46.862745098,45.2941176471,44.9019607843,41.3725490196,40.9803921569,34.5098039216,20.1960784314
45.1724137931,43.7931034483,43.7931034483,37.5862068966,35.0,29.3103448276,14.8275862069
44.4827586207,44.3103448276,41.8965517241,39.4827586207,34.8275862069,29.3103448276,15.0
46.3461538462,44.6153846154,42.5,39.6153846154,36.7307692308,31.5384615385,18.6538461538
47.3684210526,46.5789473684,46.0526315789,41.5789473684,39.7368421053,35.7894736842,22.3684210526
48.6666666667,47.1111111111,46.6666666667,41.7777777778,39.3333333333,31.3333333333,18.4444444444
44.1935483871,45.4838709677,42.2580645161,39.3548387097,37.7419354839,33.5483870968,22.5806451613
44.2857142857,43.1428571429,42.2857142857,41.1428571429,36.8571428571,35.1428571429,24.8571428571
46.0869565217,44.7826086957,41.9565217391,38.6956521739,37.3913043478,31.3043478261,19.1304347826
48.6111111111,48.8888888889,45.2777777778,43.3333333333,41.1111111111,33.8888888889,21.9444444444
47.0731707317,45.6097560976,43.1707317073,39.756097561,36.8292682927,27.5609756098,17.8048780488
46.7346938776,45.7142857143,44.4897959184,41.4285714286,40.0,34.2857142857,21.8367346939
45.625,45.625,42.7083333333,41.0416666667,38.5416666667,32.9166666667,21.4583333333
47.4358974359,46.1538461538,45.3846153846,43.3333333333,38.9743589744,35.1282051282,19.4871794872
45.5555555556,44.4444444444,41.6666666667,37.4074074074,34.8148148148,29.4444444444,14.4444444444
45.9322033898,44.5762711864,42.8813559322,40.0,37.2881355932,30.5084745763,16.9491525424
45.6756756757,45.1351351351,43.5135135135,41.8918918919,37.8378378378,31.8918918919,25.4054054054
45.5,45.25,41.75,39.75,36.25,32.25,20.0
47.1052631579,46.3157894737,46.0526315789,41.3157894737,38.1578947368,33.1578947368,20.7894736842
43.9285714286,43.5714285714,40.5357142857,36.6071428571,34.4642857143,27.5,14.1071428571
48.0555555556,46.6666666667,44.1666666667,40.2777777778,38.8888888889,33.3333333333,22.7777777778
49.7619047619,47.380952381,45.7142857143,40.7142857143,37.8571428571,30.7142857143,17.380952381
46.3888888889,46.9444444444,43.8888888889,40.5555555556,38.3333333333,32.7777777778,23.6111111111
47.8431372549,46.862745098,45.6862745098,41.9607843137,39.2156862745,31.7647058824,19.0196078431
44.3902439024,43.4146341463,40.243902439,36.8292682927,35.6097560976,29.0243902439,19.0243902439
47.5,47.3076923077,43.8461538462,39.4230769231,37.6923076923,31.9230769231,19.6153846154
48.5365853659,47.3170731707,45.1219512195,40.7317073171,38.0487804878,30.9756097561,18.2926829268
47.6271186441,46.4406779661,43.7288135593,42.0338983051,38.6440677966,29.8305084746,13.7288135593
46.1111111111,45.0,43.0555555556,40.5555555556,37.2222222222,31.6666666667,21.3888888889
47.5609756098,46.8292682927,43.9024390244,40.243902439,38.0487804878,30.7317073171,18.7804878049
47.4358974359,46.9230769231,44.1025641026,42.8205128205,38.9743589744,32.5641025641,20.5128205128
47.0,44.25,42.25,40.75,35.0,30.0,19.5
44.5652173913,43.6956521739,42.8260869565,41.0869565217,37.1739130435,31.3043478261,20.2173913043
49.7619047619,47.380952381,45.7142857143,40.7142857143,37.8571428571,30.7142857143,17.380952381
47.4137931034,47.2413793103,45.5172413793,41.0344827586,36.0344827586,29.8275862069,15.1724137931
42.4137931034,40.8620689655,40.3448275862,36.724137931,34.4827586207,27.2413793103,14.4827586207
45.2777777778,45.0,43.6111111111,41.9444444444,38.3333333333,34.4444444444,25.2777777778
47.8048780488,46.3414634146,44.3902439024,40.0,37.3170731707,30.0,18.5365853659
45.0,42.75,40.75,38.25,34.75,30.75,19.5
46.1111111111,45.5555555556,42.7777777778,38.1481481481,33.5185185185,27.962962963,13.8888888889
45.25,45.25,39.75,37.5,34.25,30.75,18.75
45.0,43.9130434783,41.0869565217,39.347826087,33.9130434783,31.7391304348,19.7826086957
45.8333333333,45.2777777778,43.3333333333,41.1111111111,36.9444444444,33.3333333333,20.5555555556
43.1578947368,42.6315789474,40.1754385965,37.5438596491,33.6842105263,29.4736842105,14.3859649123
46.3043478261,45.652173913,41.9565217391,41.3043478261,38.4782608696,31.3043478261,21.0869565217
46.5384615385,46.7307692308,44.0384615385,41.7307692308,37.6923076923,31.7307692308,19.0384615385
49.5454545455,46.5909090909,46.3636363636,41.1363636364,37.5,29.7727272727,18.1818181818
45.3703703704,44.8148148148,42.5925925926,37.7777777778,34.8148148148,27.5925925926,13.8888888889
47.7777777778,46.3888888889,45.2777777778,42.7777777778,38.0555555556,34.1666666667,21.6666666667
46.0416666667,45.8333333333,43.125,41.4583333333,38.75,33.3333333333,21.0416666667
46.4406779661,46.1016949153,43.8983050847,38.4745762712,35.2542372881,30.1694915254,14.9152542373
43.6111111111,43.0555555556,40.8333333333,39.7222222222,35.5555555556,31.9444444444,20.5555555556
43.3333333333,43.0555555556,42.2222222222,38.8888888889,36.6666666667,30.0,20.5555555556
43.0,43.0,39.75,38.25,36.5,28.25,18.0
45.652173913,46.0869565217,42.3913043478,40.8695652174,38.0434782609,31.7391304348,18.9130434783
47.2549019608,46.4705882353,43.7254901961,42.3529411765,39.4117647059,33.7254901961,21.7647058824
43.5135135135,42.972972973,41.6216216216,39.4594594595,37.5675675676,31.3513513514,20.2702702703
49.3023255814,47.9069767442,44.8837209302,41.6279069767,39.3023255814,31.6279069767,17.9069767442
46.1224489796,47.1428571429,44.4897959184,40.8163265306,38.1632653061,32.4489795918,19.7959183673
46.4583333333,44.5833333333,43.5416666667,40.625,38.125,31.875,20.2083333333
47.0,44.75,42.75,40.25,35.0,30.0,18.5
45.5102040816,45.5102040816,43.4693877551,40.4081632653,37.1428571429,32.2448979592,20.2040816327
47.3469387755,46.5306122449,44.2857142857,41.8367346939,37.1428571429,32.0408163265,20.4081632653
48.2926829268,47.3170731707,45.6097560976,42.6829268293,39.0243902439,31.2195121951,18.5365853659
47.9545454545,46.1363636364,44.0909090909,41.1363636364,38.1818181818,30.4545454545,19.0909090909
44.5238095238,44.5238095238,41.4285714286,37.380952381,36.4285714286,29.2857142857,17.8571428571
45.9090909091,44.5454545455,43.4090909091,41.3636363636,36.3636363636,29.0909090909,19.3181818182
47.6315789474,46.5789473684,44.7368421053,44.2105263158,41.8421052632,35.2631578947,22.8947368421
44.347826087,44.1304347826,41.9565217391,38.6956521739,36.3043478261,29.1304347826,19.5652173913
46.5306122449,45.9183673469,44.693877551,40.2040816327,37.3469387755,34.2857142857,21.6326530612
45.25,45.0,42.25,41.0,35.0,30.5,19.25
45.9523809524,43.5714285714,42.380952381,39.2857142857,35.9523809524,28.5714285714,18.8095238095
46.2162162162,44.5945945946,42.7027027027,42.972972973,37.2972972973,31.6216216216,24.3243243243
47.2549019608,46.0784313725,44.9019607843,41.9607843137,39.8039215686,31.7647058824,19.2156862745
47.7083333333,46.4583333333,45.4166666667,41.875,38.125,32.7083333333,20.4166666667
48.1632653061,47.7551020408,44.8979591837,42.4489795918,38.9795918367,32.8571428571,20.8163265306
46.9230769231,46.3461538462,43.6538461538,40.1923076923,35.3846153846,28.8461538462,14.8076923077
46.5789473684,45.7894736842,44.2105263158,40.2631578947,38.6842105263,31.3157894737,20.7894736842
44.0740740741,41.4814814815,40.0,36.4814814815,32.4074074074,25.5555555556,12.962962963
45.6862745098,45.0980392157,42.9411764706,40.9803921569,38.6274509804,32.1568627451,19.4117647059
46.4102564103,46.1538461538,41.2820512821,41.0256410256,36.1538461538,32.0512820513,22.3076923077
47.2222222222,46.9444444444,46.3888888889,41.1111111111,39.7222222222,35.0,23.8888888889
47.7142857143,46.0,44.8571428571,42.8571428571,40.5714285714,37.4285714286,24.8571428571
46.4285714286,45.2380952381,43.0952380952,39.0476190476,36.4285714286,30.4761904762,19.2857142857
44.6551724138,43.9655172414,41.5517241379,37.7586206897,36.0344827586,29.3103448276,14.8275862069
45.5,44.25,43.25,38.75,35.5,30.0,17.75
45.4545454545,45.0,41.5909090909,39.3181818182,37.2727272727,29.0909090909,17.5
47.7777777778,45.5555555556,44.4444444444,41.3888888889,40.2777777778,34.7222222222,21.3888888889
46.4406779661,45.2542372881,44.2372881356,39.8305084746,35.4237288136,27.9661016949,16.1016949153
47.4576271186,47.1186440678,43.3898305085,43.0508474576,36.7796610169,28.4745762712,15.593220339
45.5555555556,44.7222222222,42.2222222222,37.7777777778,37.5,31.3888888889,18.3333333333
47.7358490566,47.7358490566,45.0943396226,41.8867924528,39.6226415094,34.1509433962,20.1886792453
47.1428571429,45.9183673469,44.2857142857,40.2040816327,37.5510204082,30.0,19.5918367347
48.7755102041,47.7551020408,45.306122449,42.0408163265,37.5510204082,33.8775510204,19.387755102
43.8095238095,42.1428571429,41.4285714286,35.7142857143,33.5714285714,30.2380952381,19.0476190476
46.2162162162,45.4054054054,44.0540540541,42.972972973,40.0,34.0540540541,22.972972973
46.1111111111,44.4444444444,42.5,41.9444444444,36.3888888889,33.6111111111,24.4444444444
46.3461538462,46.3461538462,42.8846153846,41.5384615385,38.4615384615,31.9230769231,20.1923076923
46.9387755102,46.9387755102,43.8775510204,41.4285714286,38.1632653061,34.2857142857,20.2040816327
47.7777777778,46.1111111111,43.3333333333,39.6296296296,36.4814814815,30.3703703704,15.7407407407
48.3783783784,46.4864864865,44.5945945946,41.3513513514,37.027027027,32.7027027027,19.7297297297
48.25,48.5,45.5,41.0,40.25,31.0,18.75
46.0465116279,45.3488372093,42.5581395349,41.3953488372,38.8372093023,28.8372093023,17.6744186047
46.0,45.25,42.75,38.75,36.25,32.25,20.0
46.5217391304,45.4347826087,42.8260869565,39.347826087,39.5652173913,31.0869565217,20.8695652174
47.7777777778,47.3333333333,43.7777777778,39.1111111111,37.5555555556,29.3333333333,16.6666666667
43.3333333333,43.0769230769,40.7692307692,38.2051282051,37.6923076923,32.8205128205,22.0512820513
46.4285714286,44.7619047619,43.5714285714,39.5238095238,34.7619047619,32.380952381,17.1428571429
46.0,43.75,41.25,38.25,37.25,29.0,19.75
47.7272727273,47.5,44.5454545455,41.5909090909,36.3636363636,29.3181818182,17.5
49.3181818182,46.5909090909,45.6818181818,37.5,37.2727272727,31.3636363636,17.7272727273
46.3636363636,47.0454545455,44.5454545455,39.5454545455,36.5909090909,29.7727272727,19.3181818182
48.0555555556,48.0555555556,44.1666666667,43.3333333333,41.6666666667,33.8888888889,24.4444444444
44.6666666667,44.4444444444,40.2222222222,37.3333333333,33.7777777778,26.2222222222,17.3333333333
45.6603773585,45.0943396226,43.0188679245,40.3773584906,37.9245283019,31.5094339623,19.8113207547
47.6315789474,46.5789473684,45.7894736842,44.4736842105,41.0526315789,34.4736842105,22.3684210526
47.2972972973,46.4864864865,44.3243243243,41.3513513514,39.1891891892,33.7837837838,20.5405405405
46.2745098039,45.0980392157,44.5098039216,40.3921568627,38.0392156863,33.137254902,19.4117647059
49.3333333333,47.7777777778,45.3333333333,40.4444444444,38.4444444444,29.7777777778,18.2222222222
46.75,44.75,43.75,38.5,35.25,29.25,18.75
46.5789473684,45.2631578947,42.6315789474,40.7894736842,38.9473684211,32.1052631579,23.6842105263
44.3243243243,44.0540540541,44.3243243243,38.6486486486,37.8378378378,31.6216216216,18.1081081081
46.7567567568,45.1351351351,43.7837837838,41.3513513514,38.1081081081,32.1621621622,22.1621621622
42.7777777778,43.0555555556,40.0,39.7222222222,38.0555555556,33.3333333333,19.4444444444
46.4444444444,45.5555555556,42.8888888889,39.3333333333,36.8888888889,29.7777777778,17.5555555556
47.9545454545,45.4545454545,44.7727272727,39.7727272727,37.5,30.0,18.4090909091
46.3414634146,45.8536585366,44.1463414634,40.7317073171,35.3658536585,30.487804878,18.0487804878
45.0980392157,45.0980392157,41.7647058824,39.6078431373,38.0392156863,31.7647058824,19.6078431373
47.3684210526,46.3157894737,45.7894736842,43.1578947368,39.4736842105,32.3684210526,20.5263157895
45.3846153846,44.8076923077,43.8461538462,39.6153846154,39.4230769231,33.6538461538,19.6153846154
45.0,43.2608695652,41.9565217391,38.6956521739,35.652173913,30.0,19.347826087
47.9245283019,47.358490566,44.7169811321,42.0754716981,38.679245283,33.5849056604,20.9433962264
45.9459459459,45.1351351351,44.0540540541,42.1621621622,40.0,34.8648648649,24.3243243243
44.5945945946,42.972972973,40.2702702703,38.1081081081,36.7567567568,32.972972973,21.6216216216
46.3461538462,45.3846153846,42.6923076923,39.4230769231,35.7692307692,31.9230769231,19.8076923077
46.0975609756,46.8292682927,41.9512195122,42.1951219512,37.5609756098,30.0,20.243902439
45.4716981132,44.1509433962,43.2075471698,39.0566037736,36.9811320755,33.5849056604,19.4339622642
45.6862745098,44.9019607843,42.5490196078,39.4117647059,36.0784313725,32.9411764706,20.5882352941
47.3469387755,45.9183673469,45.306122449,42.0408163265,37.9591836735,31.6326530612,20.8163265306
45.9183673469,44.8979591837,41.6326530612,40.0,38.3673469388,34.4897959184,19.5918367347
46.6666666667,44.3137254902,42.1568627451,40.3921568627,36.862745098,31.568627451,20.5882352941
44.347826087,43.6956521739,42.1739130435,37.8260869565,35.8695652174,30.8695652174,20.8695652174
45.3448275862,43.6206896552,42.2413793103,37.7586206897,35.8620689655,29.3103448276,15.8620689655
43.0555555556,42.5,41.6666666667,38.6111111111,36.9444444444,30.8333333333,19.7222222222
48.0487804878,47.5609756098,43.6585365854,40.9756097561,37.8048780488,26.5853658537,19.0243902439
49.512195122,48.5365853659,46.5853658537,44.3902439024,41.4634146341,32.4390243902,19.512195122
48.3333333333,46.9444444444,44.7222222222,42.2222222222,38.8888888889,34.1666666667,21.9444444444
48.0,46.4444444444,45.1111111111,40.8888888889,38.6666666667,32.2222222222,18.2222222222
46.5517241379,46.2068965517,43.275862069,40.1724137931,37.5862068966,29.3103448276,15.8620689655
47.9487179487,46.1538461538,44.358974359,41.7948717949,40.2564102564,33.8461538462,19.2307692308
45.1923076923,44.2307692308,44.6153846154,40.5769230769,40.0,33.6538461538,18.8461538462
46.3829787234,45.5319148936,43.4042553191,41.914893617,37.0212765957,31.2765957447,19.1489361702
44.2,44.4,42.8,38.8,38.2,31.2,20.4
43.1818181818,42.7272727273,40.2272727273,37.9545454545,36.5909090909,30.0,16.8181818182
47.5,47.5,44.1666666667,40.2777777778,38.8888888889,33.3333333333,22.2222222222
45.9523809524,43.8095238095,41.9047619048,37.8571428571,36.9047619048,27.8571428571,19.5238095238
44.6551724138,44.1379310345,42.7586206897,39.4827586207,37.2413793103,29.1379310345,15.8620689655
49.1428571429,47.4285714286,46.5714285714,42.8571428571,41.1428571429,34.5714285714,25.4285714286
47.0833333333,46.4583333333,45.8333333333,40.8333333333,37.7083333333,33.5416666667,20.8333333333
46.4864864865,44.5945945946,44.8648648649,41.6216216216,39.7297297297,32.7027027027,22.1621621622
44.4444444444,44.8148148148,43.3333333333,40.1851851852,35.1851851852,26.8518518519,15.7407407407
47.3684210526,45.5263157895,44.4736842105,42.3684210526,39.4736842105,32.3684210526,20.0
47.6923076923,47.1794871795,46.1538461538,44.6153846154,39.2307692308,33.5897435897,20.7692307692
45.1923076923,44.4230769231,41.7307692308,38.0769230769,33.8461538462,29.0384615385,16.7307692308
45.7777777778,45.3333333333,41.3333333333,38.2222222222,36.0,28.0,15.7777777778
45.7894736842,44.2105263158,40.7894736842,41.5789473684,36.8421052632,31.8421052632,22.3684210526
45.2777777778,45.2777777778,43.0555555556,39.7222222222,37.7777777778,31.1111111111,19.4444444444
45.2173913043,44.7826086957,42.8260869565,38.9130434783,36.9565217391,30.8695652174,19.7826086957
47.5471698113,47.5471698113,43.2075471698,40.1886792453,37.358490566,29.4339622642,13.9622641509
47.4509803922,45.6862745098,43.3333333333,40.0,39.4117647059,33.7254901961,21.3725490196
46.3043478261,45.652173913,42.8260869565,41.0869565217,38.9130434783,29.347826087,19.5652173913
46.0,45.3333333333,41.3333333333,40.4444444444,36.2222222222,28.8888888889,16.2222222222
49.1428571429,47.4285714286,45.1428571429,44.0,41.1428571429,37.4285714286,23.7142857143
46.2745098039,45.4901960784,42.1568627451,41.7647058824,37.4509803922,31.568627451,19.0196078431
48.1081081081,47.027027027,42.1621621622,42.1621621622,40.5405405405,34.3243243243,21.6216216216
48.0555555556,47.7777777778,43.8888888889,39.7222222222,40.0,32.7777777778,21.6666666667
46.5384615385,45.5769230769,42.8846153846,40.5769230769,35.9615384615,31.7307692308,19.4230769231
48.6111111111,48.0555555556,43.3333333333,41.9444444444,40.2777777778,35.5555555556,21.3888888889
47.9545454545,46.8181818182,43.8636363636,40.0,36.5909090909,30.4545454545,17.5
45.5769230769,44.2307692308,42.1153846154,38.8461538462,35.7692307692,28.0769230769,14.8076923077
47.1052631579,47.1052631579,45.7894736842,43.1578947368,41.3157894737,33.9473684211,23.9473684211
45.1219512195,42.4390243902,40.487804878,37.5609756098,33.6585365854,27.3170731707,19.512195122
46.4864864865,45.1351351351,44.3243243243,40.8108108108,36.4864864865,32.1621621622,22.972972973
47.3684210526,46.5789473684,46.5789473684,43.6842105263,42.1052631579,36.3157894737,20.5263157895
47.0454545455,46.8181818182,44.0909090909,41.8181818182,37.7272727273,30.6818181818,20.2272727273
47.3170731707,45.6097560976,44.1463414634,38.7804878049,38.0487804878,30.9756097561,19.2682926829
43.5135135135,42.7027027027,40.5405405405,39.1891891892,38.3783783784,34.8648648649,23.5135135135
47.1875,47.1875,45.625,42.1875,38.125,33.4375,24.0625
46.6666666667,44.6666666667,42.0,39.3333333333,37.3333333333,30.0,19.3333333333
47.4576271186,47.2881355932,44.7457627119,40.0,38.1355932203,28.9830508475,14.7457627119
45.2272727273,44.5454545455,41.8181818182,38.8636363636,35.4545454545,30.6818181818,17.2727272727
47.9591836735,46.9387755102,46.5306122449,41.6326530612,40.8163265306,32.4489795918,19.5918367347
45.7142857143,43.8095238095,42.8571428571,39.0476190476,38.3333333333,30.4761904762,16.6666666667
45.0,44.0,42.2,39.4,36.2,32.0,20.4
46.5853658537,44.6341463415,41.4634146341,39.2682926829,37.8048780488,31.4634146341,17.5609756098
46.862745098,45.6862745098,44.9019607843,42.1568627451,39.0196078431,32.3529411765,19.4117647059
47.5,46.1111111111,45.0,41.1111111111,40.5555555556,35.8333333333,22.7777777778
47.6923076923,47.1794871795,44.8717948718,42.3076923077,40.7692307692,34.1025641026,20.2564102564
45.0,45.0,43.6111111111,40.5555555556,36.3888888889,33.6111111111,20.2777777778
47.1052631579,46.8421052632,44.4736842105,41.5789473684,39.4736842105,34.4736842105,21.3157894737
44.7619047619,43.5714285714,41.4285714286,37.8571428571,35.7142857143,28.3333333333,17.8571428571
47.3684210526,46.8421052632,43.6842105263,42.3684210526,39.7368421053,33.6842105263,19.4736842105
48.9130434783,48.2608695652,46.9565217391,45.0,37.3913043478,30.2173913043,19.5652173913
46.3888888889,45.2777777778,43.3333333333,42.5,37.5,33.8888888889,23.0555555556
46.2162162162,46.4864864865,42.972972973,41.3513513514,35.9459459459,32.4324324324,20.8108108108
46.976744186,46.0465116279,44.6511627907,41.6279069767,37.6744186047,30.2325581395,18.3720930233
45.8333333333,45.0,42.6666666667,39.5,36.1666666667,31.0,15.3333333333
48.3673469388,46.5306122449,45.306122449,40.8163265306,39.387755102,33.8775510204,19.5918367347
45.8333333333,45.8333333333,42.5,40.2777777778,34.4444444444,31.1111111111,18.8888888889
46.4406779661,45.7627118644,43.3898305085,39.3220338983,36.4406779661,29.6610169492,15.9322033898
47.5,46.25,44.375,39.5833333333,37.2916666667,31.4583333333,19.1666666667
45.1351351351,43.7837837838,41.8918918919,41.0810810811,38.3783783784,31.3513513514,23.7837837838
47.2972972973,47.027027027,44.5945945946,43.7837837838,40.0,37.5675675676,23.2432432432
48.0487804878,46.8292682927,45.3658536585,41.4634146341,36.5853658537,31.4634146341,16.8292682927
45.5555555556,45.2777777778,44.1666666667,41.1111111111,40.0,33.0555555556,22.5
47.5,46.3888888889,44.1666666667,44.1666666667,40.5555555556,36.1111111111,23.0555555556
47.380952381,46.6666666667,43.3333333333,39.7619047619,36.4285714286,30.7142857143,17.619047619
45.2173913043,45.2173913043,43.4782608696,41.3043478261,37.8260869565,32.3913043478,18.0434782609
46.7346938776,45.7142857143,43.0612244898,41.0204081633,39.387755102,32.8571428571,20.2040816327
46.8292682927,44.6341463415,42.6829268293,41.2195121951,36.0975609756,30.487804878,18.2926829268
43.7777777778,44.2222222222,40.4444444444,36.0,34.0,26.8888888889,18.0
46.9444444444,47.5,45.0,40.5555555556,38.3333333333,33.3333333333,22.2222222222
47.8571428571,46.4285714286,46.4285714286,40.9523809524,37.8571428571,30.9523809524,20.9523809524
43.3898305085,43.0508474576,41.5254237288,36.7796610169,33.5593220339,28.3050847458,13.8983050847
46.9491525424,45.4237288136,43.3898305085,38.1355932203,35.9322033898,29.3220338983,15.4237288136
46.4285714286,45.0,43.8095238095,36.1904761905,35.2380952381,27.619047619,17.380952381
48.0,47.1111111111,42.6666666667,40.6666666667,37.5555555556,29.5555555556,16.0
42.5423728814,41.186440678,39.1525423729,36.4406779661,33.7288135593,27.7966101695,14.7457627119
47.8048780488,46.5853658537,45.3658536585,40.7317073171,37.0731707317,33.4146341463,20.0
45.0,44.7222222222,43.8888888889,39.4444444444,36.9444444444,31.9444444444,21.1111111111
48.0434782609,46.3043478261,44.1304347826,39.5652173913,38.9130434783,29.347826087,18.0434782609
47.8048780488,47.0731707317,45.3658536585,40.0,36.3414634146,30.9756097561,19.2682926829
47.4,47.2,45.2,40.0,39.4,33.8,19.8
45.8181818182,45.4545454545,41.6363636364,39.4545454545,33.8181818182,27.6363636364,14.3636363636
45.9523809524,44.7619047619,41.4285714286,38.0952380952,32.8571428571,27.1428571429,17.380952381
46.4705882353,46.0784313725,44.7058823529,41.7647058824,38.8235294118,33.3333333333,20.0
46.1016949153,44.9152542373,42.3728813559,37.7966101695,34.406779661,26.7796610169,14.406779661
48.5365853659,47.8048780488,42.9268292683,40.9756097561,37.8048780488,31.4634146341,18.0487804878
47.2727272727,45.2272727273,42.0454545455,40.2272727273,36.5909090909,27.5,19.5454545455
48.2926829268,47.5609756098,45.1219512195,40.243902439,37.8048780488,30.243902439,19.0243902439
47.1929824561,45.7894736842,45.0877192982,41.0526315789,38.5964912281,29.8245614035,16.3157894737
45.3846153846,45.7692307692,43.8461538462,40.3846153846,40.0,33.8461538462,19.2307692308
46.0526315789,45.5263157895,44.4736842105,42.3684210526,37.3684210526,32.3684210526,23.9473684211
47.3684210526,46.5789473684,44.4736842105,42.3684210526,40.0,34.2105263158,18.4210526316
44.4444444444,42.5925925926,40.0,35.9259259259,33.3333333333,25.5555555556,13.7037037037
46.3157894737,46.0526315789,45.2631578947,42.6315789474,37.8947368421,34.2105263158,23.4210526316
47.3684210526,46.8421052632,43.6842105263,42.3684210526,40.2631578947,37.1052631579,22.1052631579
45.75,44.25,41.5,39.0,37.0,30.5,19.75
45.7894736842,44.7368421053,43.4210526316,39.7368421053,38.6842105263,34.7368421053,19.7368421053
47.8048780488,46.8292682927,44.1463414634,40.7317073171,36.8292682927,30.487804878,19.0243902439
47.358490566,46.2264150943,44.5283018868,41.5094339623,40.0,34.3396226415,19.0566037736
45.5769230769,44.6153846154,41.9230769231,40.3846153846,39.4230769231,31.3461538462,19.2307692308
44.6551724138,43.7931034483,42.2413793103,38.9655172414,34.8275862069,29.1379310345,16.2068965517
47.1052631579,46.3157894737,44.4736842105,43.1578947368,40.2631578947,36.5789473684,20.7894736842
45.7777777778,44.8888888889,41.3333333333,39.1111111111,36.8888888889,30.6666666667,18.8888888889
45.0,43.8888888889,42.7777777778,39.1666666667,37.2222222222,31.1111111111,22.7777777778
49.2682926829,48.0487804878,45.8536585366,38.5365853659,37.0731707317,32.6829268293,17.5609756098
43.9473684211,40.5263157895,39.7368421053,38.4210526316,36.3157894737,31.0526315789,22.6315789474
45.7142857143,43.8775510204,43.0612244898,40.2040816327,38.7755102041,31.2244897959,19.1836734694
46.2162162162,45.1351351351,44.0540540541,41.0810810811,37.8378378378,33.7837837838,23.2432432432
47.1428571429,46.6666666667,41.9047619048,41.6666666667,35.2380952381,31.4285714286,21.6666666667
47.7142857143,46.5714285714,45.1428571429,42.2857142857,39.7142857143,34.2857142857,25.4285714286
46.0526315789,45.5263157895,42.6315789474,40.7894736842,37.3684210526,35.0,20.2631578947
46.5625,46.875,45.9375,42.8125,41.25,36.5625,24.375
46.5,46.0,44.8333333333,41.1666666667,39.5,30.8333333333,15.8333333333
48.5714285714,48.2857142857,45.4285714286,45.4285714286,42.0,35.7142857143,25.4285714286
47.4285714286,46.0,44.2857142857,40.0,38.8571428571,34.2857142857,24.2857142857
44.7826086957,44.347826087,41.3043478261,39.1304347826,38.0434782609,30.0,19.7826086957
45.8333333333,45.2777777778,43.0555555556,40.5555555556,36.9444444444,30.2777777778,19.4444444444
47.2222222222,45.5555555556,42.7777777778,40.2777777778,38.3333333333,31.1111111111,22.5
45.9459459459,45.1351351351,44.3243243243,40.5405405405,37.2972972973,31.8918918919,20.5405405405
45.4545454545,44.2424242424,44.2424242424,40.0,36.3636363636,33.9393939394,24.2424242424
46.9565217391,46.7391304348,43.6956521739,40.8695652174,36.5217391304,28.4782608696,19.5652173913
46.6666666667,46.2745098039,42.9411764706,39.0196078431,37.0588235294,30.9803921569,19.0196078431
47.6315789474,46.8421052632,45.0,41.5789473684,39.2105263158,36.8421052632,19.7368421053
46.0,44.4444444444,43.1111111111,40.8888888889,38.6666666667,30.2222222222,19.1111111111
46.1111111111,44.1666666667,42.2222222222,39.1666666667,37.7777777778,30.0,23.3333333333
48.4444444444,47.3333333333,44.6666666667,40.4444444444,39.1111111111,30.2222222222,17.3333333333
47.0454545455,45.9090909091,45.2272727273,42.0454545455,39.3181818182,29.3181818182,18.8636363636
45.0,44.2105263158,42.8947368421,39.4736842105,39.2105263158,30.7894736842,23.9473684211
45.9459459459,45.1351351351,42.7027027027,40.0,36.4864864865,33.5135135135,22.1621621622
47.4358974359,46.9230769231,44.8717948718,42.3076923077,40.0,34.358974359,21.0256410256
47.2972972973,47.2972972973,45.9459459459,43.5135135135,40.8108108108,33.5135135135,20.5405405405
46.8965517241,46.3793103448,44.1379310345,40.0,36.5517241379,28.7931034483,15.1724137931
46.7307692308,45.5769230769,44.6153846154,41.1538461538,40.3846153846,31.1538461538,19.2307692308
46.5,43.5,44.25,40.75,36.75,31.25,19.5
46.8421052632,46.0526315789,43.4210526316,41.5789473684,37.3684210526,34.7368421053,18.1578947368
45.641025641,44.8717948718,43.5897435897,40.5128205128,37.1794871795,33.0769230769,21.0256410256
43.3333333333,43.0555555556,41.3888888889,39.1666666667,36.6666666667,33.0555555556,20.2777777778
47.2,46.6,43.8,40.4,39.2,33.4,20.0
49.75,47.75,46.0,42.25,38.0,29.0,18.5
45.6603773585,44.7169811321,43.3962264151,40.7547169811,38.679245283,31.5094339623,20.0
48.1632653061,47.3469387755,46.9387755102,42.0408163265,39.7959183673,32.8571428571,21.2244897959
46.8292682927,45.6097560976,44.6341463415,41.4634146341,39.756097561,30.243902439,19.0243902439
46.0,44.6666666667,43.7777777778,38.8888888889,37.7777777778,30.8888888889,16.8888888889
46.2162162162,45.4054054054,44.8648648649,42.972972973,39.4594594595,34.0540540541,22.1621621622
43.7837837838,43.2432432432,41.8918918919,40.0,36.2162162162,32.972972973,20.2702702703
47.0,47.2,44.6,40.8,39.6,33.2,20.6
43.5483870968,42.2580645161,41.6129032258,37.7419354839,37.0967741935,30.6451612903,22.2580645161
47.0,46.0,43.0,42.6666666667,37.3333333333,29.0,16.6666666667
45.3448275862,45.3448275862,43.6206896552,39.1379310345,34.4827586207,28.6206896552,16.0344827586
44.2592592593,43.5185185185,42.4074074074,37.7777777778,33.7037037037,27.5925925926,13.3333333333
48.085106383,46.8085106383,43.6170212766,41.4893617021,36.5957446809,30.8510638298,19.1489361702
45.3448275862,44.4827586207,42.4137931034,38.6206896552,35.1724137931,28.9655172414,15.8620689655
46.9387755102,46.5306122449,45.5102040816,41.8367346939,37.9591836735,31.6326530612,20.2040816327
48.6666666667,47.3333333333,43.7777777778,40.4444444444,36.4444444444,30.4444444444,17.3333333333
47.0,47.2,43.0,40.6,38.0,34.4,20.8
48.5714285714,46.9387755102,45.9183673469,42.0408163265,38.1632653061,34.0816326531,19.387755102
47.3333333333,46.4444444444,44.6666666667,41.1111111111,38.4444444444,32.4444444444,18.4444444444
45.8,43.8,42.0,40.4,37.8,33.0,20.0
46.5789473684,46.5789473684,43.4210526316,41.8421052632,40.5263157895,37.1052631579,21.8421052632
48.4090909091,47.7272727273,45.2272727273,42.9545454545,41.3636363636,32.7272727273,18.6363636364
48.6274509804,47.6470588235,46.862745098,43.7254901961,40.0,34.9019607843,19.2156862745
46.5384615385,45.9615384615,43.4615384615,39.4230769231,37.5,33.6538461538,18.0769230769
47.3684210526,45.5263157895,45.0,42.1052631579,38.9473684211,35.5263157895,20.5263157895
47.1739130435,45.2173913043,43.2608695652,42.3913043478,39.1304347826,31.5217391304,20.8695652174
45.2,44.6,42.8,40.0,37.4,32.8,19.6
46.5517241379,45.0,42.7586206897,39.1379310345,33.4482758621,27.7586206897,14.3103448276
46.1538461538,45.1923076923,43.6538461538,40.0,36.9230769231,32.6923076923,18.8461538462
47.8947368421,46.3157894737,44.4736842105,41.8421052632,40.2631578947,35.0,19.7368421053
45.9183673469,45.306122449,42.6530612245,40.0,36.5306122449,33.0612244898,20.8163265306
46.2162162162,45.4054054054,43.2432432432,40.8108108108,37.5675675676,32.7027027027,22.972972973
44.9152542373,43.0508474576,41.5254237288,39.1525423729,34.9152542373,27.7966101695,14.0677966102
45.1219512195,44.3902439024,42.4390243902,37.3170731707,37.3170731707,30.487804878,19.2682926829
47.6271186441,47.4576271186,46.2711864407,41.8644067797,37.7966101695,30.3389830508,15.7627118644
44.3181818182,42.5,40.0,38.1818181818,35.4545454545,26.5909090909,18.1818181818
44.8148148148,44.2592592593,42.4074074074,37.962962963,35.1851851852,26.6666666667,14.2592592593
47.0731707317,46.3414634146,42.6829268293,40.487804878,37.0731707317,29.512195122,19.0243902439
43.4210526316,43.1578947368,40.7894736842,37.6315789474,37.1052631579,33.4210526316,23.1578947368
45.6097560976,43.6585365854,41.2195121951,36.5853658537,33.6585365854,29.2682926829,18.5365853659
46.1111111111,45.2777777778,43.3333333333,39.1666666667,38.6111111111,31.9444444444,21.1111111111
46.3888888889,44.4444444444,44.1666666667,38.8888888889,35.2777777778,31.1111111111,20.0
46.5853658537,45.6097560976,42.4390243902,41.4634146341,37.0731707317,30.0,18.5365853659
45.8695652174,45.4347826087,42.3913043478,40.0,37.1739130435,32.1739130435,20.652173913
46.3414634146,44.1463414634,43.4146341463,36.8292682927,35.3658536585,30.243902439,18.2926829268
46.9444444444,44.7222222222,44.7222222222,42.5,38.3333333333,32.7777777778,24.4444444444
45.5555555556,45.2777777778,43.6111111111,40.0,36.6666666667,31.9444444444,20.0
46.3793103448,45.5172413793,44.4827586207,40.3448275862,37.7586206897,28.275862069,15.5172413793
47.5,46.4583333333,45.4166666667,42.7083333333,38.125,33.9583333333,19.1666666667
43.5849056604,42.2641509434,40.3773584906,36.2264150943,33.5849056604,27.9245283019,14.5283018868
44.6551724138,44.8275862069,42.4137931034,38.4482758621,35.1724137931,28.9655172414,15.5172413793
48.6111111111,50.0,46.9444444444,41.9444444444,41.6666666667,33.8888888889,21.3888888889
48.0,47.5,44.0,40.5,38.5,31.25,19.0
45.2272727273,45.6818181818,43.4090909091,38.4090909091,38.8636363636,31.5909090909,17.2727272727
46.5853658537,45.8536585366,43.6585365854,41.7073170732,38.7804878049,31.4634146341,19.0243902439
48.3673469388,48.1632653061,44.693877551,41.8367346939,40.2040816327,33.6734693878,20.0
48.2926829268,47.0731707317,45.6097560976,39.756097561,37.5609756098,30.487804878,19.0243902439
45.1515151515,44.5454545455,42.4242424242,40.0,38.4848484848,34.8484848485,23.3333333333
47.1052631579,47.3684210526,43.9473684211,40.7894736842,40.0,34.7368421053,20.7894736842
47.3684210526,46.5789473684,44.2105263158,40.0,38.4210526316,33.1578947368,20.7894736842
46.2745098039,46.2745098039,44.5098039216,39.6078431373,40.1960784314,32.1568627451,19.8039215686
48.4090909091,47.7272727273,45.2272727273,42.9545454545,41.3636363636,32.7272727273,18.6363636364
47.5,45.9615384615,44.0384615385,40.9615384615,36.1538461538,31.3461538462,18.6538461538
46.9230769231,46.5384615385,43.6538461538,42.8846153846,38.2692307692,32.8846153846,20.3846153846
45.0,45.0,42.5,38.8888888889,36.3888888889,30.2777777778,20.0
47.3684210526,46.0526315789,43.9473684211,41.8421052632,37.6315789474,34.2105263158,18.9473684211
49.0909090909,48.4848484848,47.2727272727,43.9393939394,41.8181818182,34.8484848485,26.6666666667
48.6046511628,46.0465116279,44.1860465116,40.4651162791,37.2093023256,32.0930232558,19.3023255814
45.5555555556,45.7777777778,42.6666666667,40.0,36.8888888889,30.8888888889,18.6666666667
46.8292682927,45.6097560976,44.6341463415,41.4634146341,39.756097561,30.243902439,19.0243902439
47.5555555556,45.7777777778,42.4444444444,38.8888888889,36.8888888889,28.4444444444,16.8888888889
46.5853658537,45.6097560976,42.1951219512,39.2682926829,37.3170731707,30.0,18.7804878049
47.0,46.6666666667,45.5,40.1666666667,37.1666666667,29.1666666667,16.6666666667
43.25,43.75,42.5,39.25,35.75,30.5,19.0
43.6111111111,42.7777777778,41.9444444444,39.7222222222,36.9444444444,31.9444444444,19.1666666667
47.3684210526,46.8421052632,43.8596491228,41.4035087719,37.8947368421,30.5263157895,16.3157894737
45.8490566038,45.4716981132,44.1509433962,42.2641509434,38.679245283,33.2075471698,19.6226415094
46.3157894737,45.7894736842,45.0,41.0526315789,37.1052631579,30.7894736842,22.8947368421
48.3720930233,46.511627907,43.2558139535,40.4651162791,38.8372093023,32.0930232558,18.3720930233
46.0,44.4444444444,42.4444444444,38.8888888889,34.4444444444,26.6666666667,16.8888888889
48.5,47.75,44.25,41.0,40.5,29.5,19.25
44.8148148148,42.962962963,41.4814814815,37.7777777778,36.1111111111,28.3333333333,16.6666666667
49.4594594595,47.8378378378,45.4054054054,42.972972973,41.8918918919,35.1351351351,21.0810810811
47.1428571429,46.9387755102,44.4897959184,41.4285714286,39.1836734694,31.2244897959,20.2040816327
45.1666666667,44.3333333333,44.0,38.6666666667,34.8333333333,29.6666666667,16.0
48.9795918367,47.7551020408,44.693877551,42.4489795918,39.5918367347,34.0816326531,20.0
46.0526315789,45.5263157895,44.2105263158,41.0526315789,37.6315789474,30.7894736842,21.0526315789
47.1739130435,46.0869565217,44.5652173913,38.0434782609,34.5652173913,32.1739130435,19.1304347826
45.0,43.0434782609,40.652173913,40.0,38.0434782609,30.2173913043,19.7826086957
47.4358974359,45.641025641,42.8205128205,41.2820512821,38.4615384615,34.358974359,18.7179487179
47.5,46.6666666667,45.5555555556,42.7777777778,40.8333333333,34.4444444444,21.6666666667
47.5862068966,46.724137931,44.6551724138,41.5517241379,39.3103448276,30.3448275862,16.0344827586
46.6666666667,45.2380952381,43.8095238095,40.0,35.4761904762,29.5238095238,19.0476190476
46.2745098039,45.4901960784,42.1568627451,41.7647058824,37.4509803922,31.568627451,19.0196078431
47.5,46.5909090909,44.3181818182,41.1363636364,39.0909090909,31.8181818182,18.1818181818
43.2432432432,42.7027027027,40.8108108108,38.9189189189,37.8378378378,33.7837837838,23.7837837838
46.8085106383,46.5957446809,44.8936170213,38.085106383,37.6595744681,30.6382978723,19.1489361702
45.75,44.25,43.0,39.25,36.25,31.5,18.25
46.5909090909,45.4545454545,44.0909090909,39.7727272727,36.5909090909,29.3181818182,19.7727272727
49.4444444444,48.3333333333,44.4444444444,43.3333333333,40.2777777778,34.4444444444,21.1111111111
46.2162162162,44.5945945946,42.972972973,40.0,38.1081081081,32.4324324324,21.6216216216
49.4444444444,48.6111111111,44.7222222222,43.3333333333,41.6666666667,34.1666666667,20.2777777778
45.2173913043,43.6956521739,41.5217391304,40.2173913043,36.3043478261,30.8695652174,19.1304347826
48.2222222222,47.5555555556,44.6666666667,42.4444444444,38.8888888889,31.5555555556,18.2222222222
48.5106382979,47.4468085106,46.3829787234,41.2765957447,36.5957446809,30.8510638298,20.6382978723
47.6315789474,46.3157894737,44.4736842105,42.6315789474,40.7894736842,34.4736842105,21.0526315789
45.652173913,45.4347826087,42.6086956522,41.3043478261,37.1739130435,32.3913043478,20.8695652174
46.25,45.625,44.5833333333,40.2083333333,38.3333333333,33.75,19.375
44.5762711864,43.2203389831,42.2033898305,36.7796610169,34.7457627119,27.4576271186,13.3898305085
47.6470588235,47.2549019608,44.7058823529,39.8039215686,37.2549019608,32.9411764706,19.8039215686
48.2222222222,47.5555555556,43.3333333333,40.4444444444,35.7777777778,28.2222222222,17.1111111111
45.652173913,45.0,42.8260869565,38.4782608696,35.4347826087,27.8260869565,19.5652173913
46.9230769231,45.7692307692,43.8461538462,41.3461538462,37.8846153846,31.1538461538,19.2307692308
46.3043478261,47.3913043478,44.7826086957,40.0,37.1739130435,30.8695652174,20.2173913043
47.5,46.9444444444,45.8333333333,41.6666666667,41.1111111111,32.2222222222,21.9444444444
45.652173913,43.4782608696,40.8695652174,40.4347826087,37.3913043478,29.7826086957,18.9130434783
45.3571428571,44.8214285714,41.0714285714,35.7142857143,34.4642857143,27.3214285714,14.1071428571
46.8181818182,46.1363636364,42.9545454545,40.0,37.7272727273,31.1363636364,21.3636363636
46.5789473684,46.5789473684,43.9473684211,43.4210526316,40.0,36.0526315789,20.5263157895
47.5,45.5555555556,45.8333333333,41.6666666667,37.7777777778,33.6111111111,20.2777777778
43.1707317073,42.1951219512,39.2682926829,38.0487804878,33.1707317073,28.7804878049,18.0487804878
45.0943396226,44.9056603774,42.0754716981,40.1886792453,35.8490566038,27.9245283019,14.3396226415
44.375,44.375,41.875,40.0,37.5,33.125,22.5
46.8333333333,46.3333333333,43.8333333333,41.3333333333,38.3333333333,31.0,16.6666666667
46.8421052632,46.8421052632,42.8947368421,41.3157894737,40.7894736842,33.6842105263,18.6842105263
45.4761904762,43.8095238095,40.9523809524,37.619047619,34.0476190476,29.0476190476,17.380952381
48.9130434783,46.7391304348,46.7391304348,41.7391304348,40.0,32.3913043478,20.2173913043
49.1304347826,48.0434782609,47.3913043478,41.5217391304,38.9130434783,32.6086956522,19.7826086957
45.8333333333,45.0,42.2222222222,41.9444444444,36.9444444444,34.7222222222,23.3333333333
48.5365853659,46.5853658537,45.8536585366,40.7317073171,39.756097561,31.2195121951,18.5365853659
46.3414634146,45.3658536585,43.1707317073,40.487804878,37.5609756098,30.487804878,18.5365853659
47.5,46.3636363636,44.3181818182,40.6818181818,39.0909090909,30.2272727273,18.4090909091
47.027027027,45.9459459459,43.7837837838,41.6216216216,41.0810810811,34.3243243243,19.4594594595
46.8292682927,46.5853658537,43.6585365854,40.7317073171,38.0487804878,30.0,17.8048780488
46.8421052632,46.3157894737,45.0,39.7368421053,37.8947368421,33.4210526316,20.5263157895
46.3461538462,45.1923076923,41.5384615385,40.3846153846,37.1153846154,32.5,18.4615384615
46.4583333333,46.25,43.9583333333,42.2916666667,39.7916666667,33.3333333333,20.625
49.4444444444,47.7777777778,45.2777777778,43.8888888889,39.7222222222,33.6111111111,21.9444444444
48.4444444444,46.4444444444,45.5555555556,40.8888888889,36.2222222222,32.4444444444,20.4444444444
44.7457627119,43.8983050847,42.5423728814,38.813559322,34.7457627119,27.1186440678,13.7288135593
46.7307692308,46.5384615385,44.0384615385,41.3461538462,39.2307692308,33.6538461538,17.6923076923
43.3333333333,43.3333333333,41.1111111111,38.8888888889,37.7777777778,31.9444444444,21.1111111111
44.1304347826,42.3913043478,42.3913043478,40.2173913043,36.9565217391,30.652173913,19.7826086957
46.6666666667,45.5555555556,41.1111111111,40.8888888889,36.2222222222,30.0,17.7777777778
47.6271186441,46.9491525424,44.5762711864,41.6949152542,37.9661016949,30.6779661017,14.9152542373
47.7083333333,46.25,44.375,41.4583333333,38.9583333333,33.125,21.25
48.6363636364,47.2727272727,45.9090909091,41.3636363636,36.8181818182,28.1818181818,17.7272727273
47.358490566,45.6603773585,44.3396226415,38.1132075472,35.2830188679,26.9811320755,13.7735849057
47.0454545455,45.2272727273,43.1818181818,39.5454545455,37.7272727273,31.8181818182,17.2727272727
47.6315789474,45.7894736842,44.2105263158,43.1578947368,40.0,33.4210526316,21.8421052632
44.5652173913,43.9130434783,41.0869565217,39.5652173913,37.1739130435,28.6956521739,20.0
44.2857142857,42.5714285714,40.8571428571,40.0,36.2857142857,32.0,23.7142857143
47.6086956522,46.3043478261,44.347826087,41.7391304348,36.3043478261,31.0869565217,18.2608695652
47.5510204082,46.3265306122,44.693877551,40.0,38.1632653061,33.6734693878,19.7959183673
48.3333333333,47.380952381,44.5238095238,41.1904761905,39.0476190476,32.8571428571,20.7142857143
44.8888888889,43.7777777778,40.2222222222,38.2222222222,35.1111111111,26.2222222222,17.1111111111
45.8333333333,45.5555555556,43.3333333333,41.1111111111,37.7777777778,31.6666666667,18.3333333333
46.4705882353,46.2745098039,44.9019607843,41.7647058824,39.0196078431,33.9215686275,19.6078431373
46.6037735849,45.6603773585,43.3962264151,40.3773584906,36.4150943396,29.8113207547,15.0943396226
47.1929824561,47.3684210526,44.7368421053,41.0526315789,38.7719298246,30.0,15.7894736842
44.4117647059,43.2352941176,40.8823529412,40.0,37.0588235294,33.8235294118,25.8823529412
46.9444444444,45.8333333333,43.3333333333,41.1111111111,39.4444444444,32.7777777778,23.0555555556
48.3783783784,46.7567567568,43.7837837838,40.0,37.8378378378,32.972972973,21.0810810811
47.7551020408,46.9387755102,44.8979591837,42.0408163265,37.9591836735,31.2244897959,20.8163265306
45.7777777778,44.2222222222,41.7777777778,40.6666666667,38.8888888889,30.0,18.8888888889
45.3333333333,43.3333333333,39.3333333333,37.5555555556,35.1111111111,29.1111111111,17.5555555556
45.9090909091,45.9090909091,43.1818181818,39.7727272727,36.5909090909,32.7272727273,19.7727272727
47.3684210526,46.5789473684,45.0,41.3157894737,41.0526315789,33.9473684211,20.7894736842
47.5675675676,47.027027027,44.3243243243,41.3513513514,39.1891891892,32.4324324324,21.6216216216
49.4444444444,48.6111111111,45.2777777778,44.4444444444,40.8333333333,34.4444444444,20.5555555556
43.3333333333,42.2222222222,41.3333333333,36.0,32.6666666667,27.5555555556,18.6666666667
46.7272727273,44.5454545455,44.0,39.8181818182,36.5454545455,27.8181818182,14.5454545455
44.4444444444,43.8888888889,41.3888888889,40.5555555556,38.0555555556,31.6666666667,22.2222222222
47.6315789474,45.0,44.7368421053,41.5789473684,38.1578947368,31.0526315789,22.1052631579
46.5789473684,45.2631578947,44.7368421053,42.3684210526,37.3684210526,30.7894736842,23.1578947368
47.380952381,46.4285714286,44.7619047619,42.1428571429,40.7142857143,34.5238095238,22.1428571429
46.3157894737,45.2631578947,43.1578947368,41.0526315789,39.4736842105,33.1578947368,23.1578947368
45.8490566038,44.7169811321,42.2641509434,38.4905660377,34.5283018868,26.2264150943,14.1509433962
48.7804878049,47.5609756098,42.9268292683,38.7804878049,37.0731707317,32.1951219512,18.7804878049
43.6111111111,43.3333333333,40.2777777778,38.6111111111,38.0555555556,34.4444444444,20.8333333333
45.4716981132,44.1509433962,41.320754717,37.5471698113,34.7169811321,27.358490566,13.2075471698
44.4736842105,43.6842105263,42.8947368421,40.0,36.5789473684,31.5789473684,20.7894736842
47.8048780488,47.3170731707,46.8292682927,43.4146341463,40.0,32.6829268293,18.7804878049
46.8421052632,46.8421052632,45.5263157895,41.8421052632,39.4736842105,33.4210526316,21.3157894737
48.1818181818,47.5,42.9545454545,40.0,37.7272727273,29.0909090909,18.6363636364
46.3793103448,44.4827586207,42.7586206897,38.275862069,36.2068965517,30.0,16.3793103448
45.6896551724,44.4827586207,41.5517241379,38.9655172414,34.1379310345,27.4137931034,13.7931034483
46.9230769231,45.9615384615,43.6538461538,40.5769230769,38.6538461538,30.9615384615,19.6153846154
46.3265306122,46.5306122449,44.2857142857,40.8163265306,38.1632653061,33.4693877551,19.5918367347
47.4509803922,46.862745098,44.9019607843,42.1568627451,39.4117647059,32.7450980392,18.8235294118
47.5675675676,46.7567567568,44.3243243243,42.7027027027,38.9189189189,32.7027027027,21.6216216216
49.7777777778,46.8888888889,43.3333333333,40.8888888889,38.2222222222,30.2222222222,20.4444444444
48.1395348837,46.511627907,44.8837209302,40.6976744186,37.2093023256,29.5348837209,18.6046511628
48.9473684211,47.6315789474,46.3157894737,43.9473684211,40.5263157895,35.5263157895,19.7368421053
46.1363636364,45.2272727273,44.5454545455,38.1818181818,37.0454545455,31.3636363636,17.7272727273
48.2926829268,47.3170731707,45.8536585366,42.6829268293,37.8048780488,31.7073170732,19.0243902439
47.3684210526,46.0526315789,45.2631578947,41.0526315789,40.0,35.2631578947,21.0526315789
48.679245283,47.9245283019,46.9811320755,41.5094339623,40.5660377358,35.0943396226,20.7547169811
48.6666666667,49.1111111111,42.6666666667,39.3333333333,35.7777777778,27.1111111111,18.2222222222
46.1111111111,45.8333333333,44.1666666667,40.8333333333,37.7777777778,33.3333333333,23.3333333333
46.1111111111,45.0,43.8888888889,40.5555555556,38.3333333333,32.7777777778,20.0
45.5813953488,45.1162790698,42.5581395349,38.3720930233,38.3720930233,30.0,18.3720930233
45.6818181818,44.7727272727,41.1363636364,38.4090909091,36.3636363636,29.0909090909,17.2727272727
48.6111111111,46.9444444444,45.0,41.9444444444,40.2777777778,36.6666666667,22.5
44.4444444444,43.8888888889,40.8333333333,42.7777777778,38.6111111111,32.7777777778,23.3333333333
44.9090909091,43.8181818182,41.6363636364,36.9090909091,34.1818181818,27.4545454545,13.6363636364
47.1186440678,46.9491525424,43.8983050847,40.6779661017,39.8305084746,30.8474576271,15.2542372881
48.4615384615,47.1153846154,46.1538461538,41.1538461538,39.2307692308,32.5,19.4230769231
47.1052631579,46.8421052632,45.0,41.8421052632,40.0,35.0,20.7894736842
46.3461538462,45.3846153846,43.4615384615,39.6153846154,38.8461538462,32.6923076923,18.6538461538
48.8636363636,46.8181818182,45.6818181818,41.8181818182,37.9545454545,32.2727272727,20.4545454545
43.5135135135,42.972972973,41.8918918919,40.0,38.1081081081,33.5135135135,21.3513513514
43.2432432432,41.8918918919,42.1621621622,39.4594594595,37.027027027,32.7027027027,24.3243243243
45.4545454545,43.6363636364,40.4545454545,37.5,36.3636363636,28.4090909091,17.2727272727
43.4285714286,42.5714285714,41.1428571429,38.0,38.5714285714,32.0,20.0
45.0,43.5714285714,40.4761904762,37.8571428571,35.0,29.5238095238,18.3333333333
46.8181818182,45.6818181818,44.0909090909,41.1363636364,38.4090909091,31.8181818182,19.0909090909
46.9491525424,45.593220339,43.5593220339,40.1694915254,37.9661016949,32.0338983051,14.5762711864
47.1428571429,46.9387755102,44.0816326531,40.612244898,38.7755102041,34.2857142857,21.0204081633
48.3673469388,47.1428571429,45.7142857143,41.4285714286,39.387755102,32.6530612245,19.5918367347
49.3023255814,47.9069767442,44.8837209302,41.6279069767,39.3023255814,31.6279069767,17.9069767442
46.2068965517,45.8620689655,41.724137931,39.8275862069,37.2413793103,30.0,15.3448275862
46.1538461538,45.9615384615,43.6538461538,40.5769230769,36.9230769231,32.3076923077,19.4230769231
47.037037037,46.4814814815,43.3333333333,40.0,35.0,28.5185185185,14.4444444444
46.5853658537,45.3658536585,41.7073170732,40.7317073171,33.9024390244,29.2682926829,17.8048780488
44.347826087,44.1304347826,40.8695652174,38.9130434783,35.8695652174,31.3043478261,20.0
46.3636363636,46.1363636364,42.0454545455,39.7727272727,37.2727272727,27.7272727273,15.9090909091
45.9459459459,45.1351351351,44.3243243243,40.2702702703,39.1891891892,33.2432432432,25.1351351351
47.0731707317,44.6341463415,42.4390243902,36.0975609756,35.3658536585,28.7804878049,17.8048780488
44.7222222222,43.0555555556,42.7777777778,40.5555555556,35.5555555556,32.7777777778,24.7222222222
47.4358974359,46.1538461538,43.5897435897,44.1025641026,40.5128205128,32.0512820513,20.7692307692
49.756097561,47.5609756098,45.8536585366,41.2195121951,35.6097560976,29.0243902439,20.0
46.9387755102,46.5306122449,42.8571428571,40.8163265306,39.1836734694,34.4897959184,21.2244897959
47.3170731707,46.5853658537,43.1707317073,39.0243902439,36.0975609756,30.0,19.512195122
45.6896551724,45.3448275862,42.7586206897,38.9655172414,36.0344827586,27.2413793103,14.4827586207
43.2608695652,44.1304347826,41.9565217391,39.347826087,36.0869565217,31.3043478261,20.652173913
46.1764705882,45.0,44.4117647059,42.3529411765,38.5294117647,34.7058823529,25.2941176471
48.2692307692,47.3076923077,45.3846153846,42.3076923077,38.6538461538,31.9230769231,20.5769230769
45.2941176471,43.9215686275,42.1568627451,40.5882352941,37.2549019608,32.5490196078,18.2352941176
47.5862068966,46.724137931,44.4827586207,41.2068965517,36.8965517241,32.7586206897,14.1379310345
46.8421052632,46.3157894737,43.6842105263,41.5789473684,38.1578947368,33.6842105263,21.0526315789
43.9655172414,42.9310344828,41.5517241379,37.4137931034,35.5172413793,28.1034482759,13.6206896552
43.8888888889,42.962962963,40.9259259259,38.1481481481,32.7777777778,25.1851851852,13.1481481481
46.0714285714,45.5357142857,43.0357142857,38.0357142857,35.0,26.6071428571,13.3928571429
45.7407407407,45.5555555556,42.7777777778,39.6296296296,33.8888888889,27.4074074074,14.0740740741
47.2222222222,45.8333333333,45.0,42.7777777778,39.4444444444,34.1666666667,20.8333333333
47.0833333333,45.4166666667,44.5833333333,40.4166666667,38.9583333333,33.3333333333,20.8333333333
48.0555555556,46.9444444444,46.1111111111,41.9444444444,39.1666666667,33.0555555556,21.6666666667
46.7567567568,45.4054054054,44.3243243243,41.3513513514,38.9189189189,33.2432432432,20.8108108108
45.2631578947,45.7894736842,43.9473684211,40.7894736842,38.9473684211,34.2105263158,23.1578947368
45.4347826087,44.7826086957,39.7826086957,37.3913043478,36.7391304348,30.2173913043,21.7391304348
46.1224489796,45.1020408163,43.2653061224,40.0,37.1428571429,32.0408163265,19.7959183673
46.0,45.3333333333,42.6666666667,40.0,34.4444444444,27.1111111111,18.2222222222
44.7222222222,44.1666666667,42.7777777778,40.2777777778,36.9444444444,32.5,24.7222222222
46.4406779661,46.2711864407,43.7288135593,40.1694915254,37.4576271186,27.6271186441,15.9322033898
49.5652173913,47.8260869565,45.0,44.5652173913,38.0434782609,29.7826086957,20.0
46.3157894737,46.0526315789,44.2105263158,40.7894736842,38.9473684211,30.5263157895,21.0526315789
48.75,46.0,44.0,41.75,40.25,30.0,18.25
46.8292682927,45.6097560976,44.6341463415,41.4634146341,39.756097561,30.243902439,19.0243902439
46.7307692308,47.5,44.4230769231,40.5769230769,35.7692307692,30.1923076923,15.5769230769
46.3888888889,45.0,43.8888888889,42.2222222222,39.1666666667,34.4444444444,24.1666666667
46.8888888889,45.5555555556,42.6666666667,39.1111111111,35.1111111111,28.2222222222,17.1111111111
45.75,43.0,41.5,39.0,35.75,29.0,18.75
46.1538461538,46.1538461538,44.6153846154,42.5,39.0384615385,31.3461538462,19.6153846154
47.7083333333,46.0416666667,44.7916666667,41.0416666667,38.5416666667,32.7083333333,19.375
43.6842105263,42.1052631579,40.5263157895,39.2105263158,36.5789473684,31.5789473684,22.3684210526
45.8,44.2,44.0,40.0,37.4,32.0,22.2
46.3636363636,45.2272727273,43.1818181818,37.7272727273,34.7727272727,29.7727272727,16.5909090909
47.5862068966,47.7586206897,44.3103448276,38.6206896552,36.724137931,29.1379310345,15.6896551724
44.4444444444,43.5555555556,40.8888888889,37.3333333333,34.8888888889,29.5555555556,17.5555555556
47.1052631579,46.0526315789,44.4736842105,40.2631578947,38.4210526316,32.8947368421,18.6842105263
47.0454545455,46.1363636364,43.4090909091,42.7272727273,37.5,30.0,19.3181818182
45.6756756757,44.8648648649,44.3243243243,41.6216216216,37.5675675676,34.5945945946,25.1351351351
46.6666666667,46.6666666667,44.9019607843,41.7647058824,38.6274509804,33.3333333333,20.5882352941
47.7966101695,46.1016949153,44.5762711864,41.186440678,37.9661016949,30.0,15.593220339
44.7826086957,44.7826086957,41.5217391304,39.5652173913,36.9565217391,31.7391304348,18.4782608696
45.5,44.5,42.0,41.0,36.25,31.0,20.0
48.431372549,48.0392156863,45.2941176471,44.3137254902,40.7843137255,34.9019607843,21.3725490196
46.1111111111,45.2777777778,44.1666666667,43.6111111111,41.1111111111,34.7222222222,26.6666666667
46.1538461538,45.7692307692,42.1153846154,39.8076923077,37.5,32.3076923077,20.3846153846
46.2790697674,45.1162790698,42.7906976744,38.6046511628,36.0465116279,30.4651162791,17.4418604651
46.3265306122,46.7346938776,43.6734693878,40.8163265306,38.1632653061,33.0612244898,21.2244897959
45.0,42.8260869565,41.0869565217,39.5652173913,36.7391304348,30.4347826087,20.8695652174
46.2162162162,44.8648648649,44.0540540541,41.3513513514,39.1891891892,33.2432432432,24.0540540541
46.4285714286,45.0,42.380952381,40.0,36.1904761905,29.5238095238,17.619047619
46.0,46.4444444444,42.8888888889,39.1111111111,36.6666666667,29.5555555556,18.6666666667
46.3888888889,45.0,43.6111111111,40.5555555556,39.1666666667,33.8888888889,22.7777777778
46.1111111111,44.7222222222,43.3333333333,41.3888888889,40.5555555556,31.6666666667,22.5
47.5,47.7777777778,45.2777777778,41.6666666667,40.0,33.3333333333,21.9444444444
48.5714285714,48.0,46.2857142857,44.2857142857,39.7142857143,38.0,23.7142857143
46.6666666667,45.5555555556,43.5555555556,41.3333333333,36.0,29.1111111111,16.2222222222
46.1111111111,44.1666666667,42.5,40.5555555556,35.2777777778,34.1666666667,18.6111111111
47.0731707317,44.8780487805,43.6585365854,38.2926829268,38.5365853659,29.756097561,18.2926829268
43.8888888889,42.7777777778,41.2962962963,37.2222222222,33.5185185185,26.1111111111,13.1481481481
47.7192982456,46.8421052632,44.5614035088,42.8070175439,36.6666666667,30.1754385965,15.9649122807
47.1794871795,46.9230769231,44.358974359,40.5128205128,37.9487179487,37.1794871795,21.5384615385
46.8292682927,45.1219512195,42.4390243902,39.2682926829,36.5853658537,30.243902439,17.0731707317
46.0526315789,45.7894736842,42.8947368421,39.7368421053,39.2105263158,32.8947368421,22.8947368421
45.1666666667,43.6666666667,44.0,38.5,37.5,28.6666666667,15.5
48.5,48.25,46.0,41.5,38.0,30.0,18.5
46.4583333333,45.0,43.75,41.6666666667,36.4583333333,32.2916666667,19.5833333333
45.1111111111,43.3333333333,42.6666666667,38.0,36.8888888889,27.3333333333,17.1111111111
47.1153846154,46.5384615385,45.0,40.9615384615,39.8076923077,35.9615384615,22.6923076923
44.3902439024,44.3902439024,39.756097561,38.0487804878,34.6341463415,32.1951219512,18.5365853659
46.0,45.4285714286,44.0,40.2857142857,38.0,32.5714285714,20.8571428571
46.8421052632,46.5789473684,45.2631578947,42.6315789474,42.1052631579,35.0,23.1578947368
46.3888888889,44.7222222222,44.1666666667,42.2222222222,37.5,31.9444444444,26.1111111111
45.5,44.5,43.0,38.0,36.25,31.75,17.75
45.4901960784,43.5294117647,42.5490196078,40.1960784314,36.6666666667,30.7843137255,19.4117647059
46.0975609756,43.1707317073,41.4634146341,36.8292682927,36.8292682927,28.7804878049,18.5365853659
45.0,43.8095238095,43.5714285714,39.0476190476,37.1428571429,30.0,15.7142857143
46.4,45.4,43.8,41.4,37.0,32.8,20.2
45.8,45.2,43.8,39.2,37.2,33.4,19.8
46.1111111111,45.5555555556,44.1666666667,42.2222222222,40.8333333333,35.8333333333,22.5
45.2830188679,44.9056603774,41.6981132075,38.1132075472,35.8490566038,28.679245283,14.3396226415
47.2340425532,46.8085106383,45.5319148936,42.5531914894,38.7234042553,31.0638297872,18.5106382979
47.3333333333,45.8333333333,44.3333333333,40.3333333333,40.0,31.0,15.6666666667
47.5675675676,45.9459459459,45.9459459459,43.5135135135,39.7297297297,33.7837837838,20.0
46.5217391304,45.4347826087,43.4782608696,39.5652173913,36.3043478261,28.4782608696,19.347826087
46.9565217391,45.652173913,44.7826086957,42.3913043478,35.8695652174,28.9130434783,18.2608695652
47.2972972973,46.2162162162,44.3243243243,41.6216216216,38.6486486486,35.1351351351,20.8108108108
48.6666666667,47.1111111111,44.4444444444,42.0,36.8888888889,31.1111111111,21.1111111111
44.2105263158,43.1578947368,41.8421052632,39.4736842105,36.8421052632,32.8947368421,23.4210526316
45.3488372093,44.6511627907,42.3255813953,40.6976744186,36.511627907,29.3023255814,17.2093023256
45.5263157895,44.7368421053,43.6842105263,40.5263157895,36.8421052632,31.5789473684,24.4736842105
45.3488372093,44.6511627907,41.3953488372,39.5348837209,36.511627907,28.8372093023,16.7441860465
47.3684210526,45.7894736842,44.2105263158,41.0526315789,38.9473684211,34.2105263158,20.0
46.3636363636,46.5909090909,43.6363636364,38.1818181818,37.9545454545,32.0454545455,19.7727272727
46.3888888889,45.2777777778,43.0555555556,43.3333333333,39.4444444444,33.8888888889,23.0555555556
46.9230769231,44.6153846154,45.8974358974,41.7948717949,38.4615384615,35.1282051282,20.2564102564
49.2857142857,47.619047619,44.0476190476,41.6666666667,37.619047619,31.4285714286,17.380952381
45.1111111111,43.3333333333,42.2222222222,38.6666666667,34.8888888889,29.3333333333,18.4444444444
46.3157894737,45.5263157895,43.9473684211,41.8421052632,40.5263157895,32.6315789474,22.3684210526
47.5675675676,45.9459459459,45.6756756757,41.3513513514,40.5405405405,32.972972973,19.7297297297
46.8421052632,46.8421052632,45.0,42.1052631579,38.9473684211,32.3684210526,19.2105263158
48.0952380952,46.1904761905,44.2857142857,41.4285714286,38.8095238095,32.619047619,20.2380952381
47.6,47.4,46.2,41.4,40.4,32.4,20.2
46.8181818182,46.8181818182,42.7272727273,37.9545454545,37.2727272727,29.3181818182,18.4090909091
47.1739130435,46.9565217391,43.9130434783,41.9565217391,37.6086956522,28.2608695652,16.9565217391
45.3846153846,44.6153846154,42.6923076923,39.6153846154,38.2692307692,30.9615384615,21.7307692308
46.2857142857,45.7142857143,44.5714285714,42.8571428571,38.8571428571,35.4285714286,24.8571428571
46.1904761905,44.2857142857,42.8571428571,39.5238095238,37.1428571429,29.2857142857,17.380952381
46.3157894737,45.2631578947,44.4736842105,40.7894736842,37.8947368421,31.3157894737,23.6842105263
47.1698113208,47.5471698113,42.641509434,41.6981132075,39.4339622642,31.320754717,20.1886792453
45.2941176471,45.2941176471,43.5294117647,40.9803921569,39.2156862745,34.3137254902,19.4117647059
46.8888888889,45.7777777778,43.1111111111,40.4444444444,40.6666666667,30.8888888889,20.6666666667
45.7692307692,44.6153846154,43.4615384615,40.9615384615,38.6538461538,30.9615384615,19.2307692308
45.2,44.4,40.8,38.6,38.8,34.2,20.8
47.0833333333,46.6666666667,45.0,41.875,39.5833333333,32.2916666667,20.4166666667
45.7407407407,45.5555555556,41.4814814815,38.3333333333,33.7037037037,27.4074074074,15.5555555556
47.1052631579,45.7894736842,44.7368421053,41.3157894737,39.7368421053,32.8947368421,20.5263157895
48.2926829268,45.8536585366,44.1463414634,39.512195122,37.5609756098,30.9756097561,18.5365853659
47.3684210526,45.7894736842,45.2631578947,41.8421052632,38.9473684211,35.0,20.5263157895
46.0377358491,44.7169811321,43.3962264151,40.0,36.4150943396,28.4905660377,14.1509433962
47.3684210526,46.3157894737,44.2105263158,41.0526315789,40.2631578947,35.0,20.5263157895
44.7222222222,45.2777777778,41.9444444444,40.5555555556,36.3888888889,31.9444444444,19.4444444444
47.1794871795,47.1794871795,43.8461538462,41.2820512821,39.4871794872,34.358974359,20.5128205128
49.0,48.0,45.75,41.5,39.5,31.25,19.0
45.0,44.7826086957,42.6086956522,39.7826086957,38.9130434783,30.0,20.8695652174
46.8965517241,46.3793103448,44.1379310345,40.0,36.5517241379,28.7931034483,15.1724137931
48.5714285714,46.9387755102,45.306122449,41.2244897959,38.7755102041,32.0408163265,19.1836734694
46.3888888889,45.2777777778,43.0555555556,40.2777777778,36.1111111111,33.3333333333,20.0
47.1794871795,45.8974358974,45.1282051282,42.0512820513,39.7435897436,34.8717948718,20.2564102564
44.4444444444,44.2592592593,41.2962962963,37.962962963,34.8148148148,27.7777777778,14.0740740741
48.0434782609,47.8260869565,45.652173913,42.8260869565,37.1739130435,34.7826086957,20.652173913
44.1379310345,43.6206896552,40.1724137931,35.3448275862,35.8620689655,26.3793103448,12.9310344828
47.1052631579,45.2631578947,42.8947368421,41.5789473684,37.3684210526,32.1052631579,20.5263157895
47.5862068966,47.2413793103,45.0,42.4137931034,39.3103448276,29.4827586207,15.5172413793
48.5416666667,46.0416666667,45.0,43.125,40.0,32.5,20.625
46.4864864865,45.4054054054,42.972972973,39.7297297297,36.7567567568,32.4324324324,22.7027027027
47.3684210526,45.0,42.1052631579,40.7894736842,37.8947368421,32.8947368421,19.2105263158
44.9152542373,44.0677966102,40.1694915254,35.9322033898,33.7288135593,26.9491525424,13.2203389831
46.0377358491,46.0377358491,43.0188679245,39.8113207547,36.4150943396,30.3773584906,14.9056603774
47.6923076923,46.4102564103,45.8974358974,44.1025641026,38.7179487179,34.6153846154,20.0
48.0,47.1111111111,46.0,42.0,39.5555555556,32.8888888889,20.2222222222
46.9565217391,46.5217391304,43.9130434783,41.3043478261,38.6956521739,31.7391304348,18.4782608696
45.75,43.25,42.25,39.5,34.5,30.75,18.75
46.9811320755,46.2264150943,43.3962264151,41.1320754717,39.2452830189,34.3396226415,20.0
48.2926829268,46.0975609756,44.1463414634,38.7804878049,35.1219512195,30.7317073171,19.0243902439
46.724137931,45.8620689655,43.4482758621,40.3448275862,38.6206896552,28.9655172414,15.3448275862
45.0,44.6551724138,42.5862068966,39.4827586207,37.2413793103,29.3103448276,15.3448275862
45.9459459459,45.9459459459,44.3243243243,41.6216216216,40.0,35.9459459459,20.8108108108
43.6170212766,42.5531914894,40.8510638298,37.0212765957,34.6808510638,30.2127659574,18.7234042553
47.1929824561,47.0175438596,45.0877192982,41.0526315789,39.298245614,29.649122807,15.6140350877
47.2972972973,46.7567567568,45.4054054054,40.5405405405,39.1891891892,36.7567567568,21.0810810811
49.3333333333,48.6666666667,45.1111111111,41.5555555556,36.6666666667,30.2222222222,17.7777777778
45.6862745098,44.9019607843,42.9411764706,38.6274509804,38.2352941176,31.9607843137,18.8235294118
44.3103448276,43.1034482759,41.8965517241,37.9310344828,34.1379310345,27.4137931034,14.6551724138
45.8,45.6,43.0,39.2,36.4,32.2,19.6
47.6315789474,46.8421052632,44.4736842105,42.6315789474,38.6842105263,33.4210526316,19.2105263158
45.6818181818,44.3181818182,42.5,38.1818181818,37.9545454545,30.9090909091,19.5454545455
46.3888888889,44.4444444444,42.7777777778,40.2777777778,38.6111111111,33.8888888889,21.3888888889
46.3888888889,44.7222222222,41.9444444444,39.1666666667,36.9444444444,31.3888888889,22.7777777778
48.125,46.4583333333,45.0,40.8333333333,38.75,32.0833333333,19.5833333333
44.375,43.75,42.5,37.8125,35.9375,30.0,19.6875
46.5306122449,46.9387755102,44.693877551,41.4285714286,37.3469387755,32.6530612245,21.0204081633
49.1489361702,49.1489361702,45.3191489362,42.7659574468,39.5744680851,33.6170212766,19.5744680851
45.2631578947,44.7368421053,42.6315789474,41.5789473684,39.7368421053,31.0526315789,20.7894736842
48.3783783784,46.2162162162,44.3243243243,42.1621621622,41.8918918919,33.5135135135,23.2432432432
46.9047619048,44.0476190476,40.0,39.0476190476,33.3333333333,28.3333333333,19.0476190476
45.9183673469,45.306122449,42.4489795918,39.387755102,35.7142857143,31.8367346939,18.7755102041
45.5555555556,44.7222222222,42.2222222222,40.0,38.0555555556,32.5,18.8888888889
45.4,44.6,42.6,40.0,37.4,34.2,20.4
48.5714285714,46.6666666667,45.0,39.7619047619,38.3333333333,31.1904761905,20.0
45.6818181818,45.6818181818,42.7272727273,37.0454545455,37.2727272727,30.4545454545,19.5454545455
47.0212765957,46.3829787234,44.4680851064,40.8510638298,37.4468085106,29.3617021277,18.085106383
47.1052631579,45.0,45.2631578947,40.7894736842,40.0,33.4210526316,20.5263157895
47.3684210526,46.5789473684,45.0,40.7894736842,40.7894736842,34.2105263158,21.0526315789
46.0377358491,45.2830188679,42.4528301887,36.9811320755,34.9056603774,30.7547169811,15.4716981132
44.5454545455,43.6363636364,42.7272727273,38.1818181818,36.6666666667,32.7272727273,20.9090909091
44.6666666667,43.3333333333,39.5555555556,38.0,32.4444444444,28.0,20.0
48.8888888889,47.2222222222,46.6666666667,44.4444444444,41.6666666667,34.4444444444,25.5555555556
45.8333333333,44.1666666667,43.8333333333,40.1666666667,38.1666666667,30.1666666667,15.8333333333
45.0980392157,44.9019607843,42.1568627451,38.8235294118,35.6862745098,30.0,19.4117647059
43.6111111111,43.3333333333,41.9444444444,39.1666666667,35.2777777778,35.2777777778,19.7222222222
46.9491525424,45.7627118644,44.406779661,38.9830508475,38.1355932203,30.8474576271,15.0847457627
47.2093023256,46.511627907,45.1162790698,42.5581395349,38.1395348837,31.6279069767,18.3720930233
49.0476190476,47.619047619,44.5238095238,43.5714285714,39.5238095238,32.1428571429,20.2380952381
47.2222222222,46.9444444444,45.2777777778,40.8333333333,38.8888888889,37.5,23.0555555556
46.9230769231,46.5384615385,44.6153846154,40.5769230769,38.4615384615,31.9230769231,19.8076923077
45.75,45.25,42.25,37.75,34.5,31.0,19.5
43.5135135135,43.5135135135,42.1621621622,38.3783783784,37.2972972973,33.7837837838,20.0
47.358490566,45.8490566038,42.0754716981,39.0566037736,35.6603773585,30.0,16.6037735849
50.0,48.6111111111,46.6666666667,42.5,38.6111111111,35.8333333333,22.2222222222
45.2173913043,43.9130434783,42.1739130435,38.9130434783,36.7391304348,31.5217391304,19.1304347826
48.1818181818,46.8181818182,42.7272727273,40.0,36.3636363636,29.3181818182,16.8181818182
45.4716981132,44.3396226415,42.8301886792,40.3773584906,37.1698113208,32.2641509434,19.0566037736
48.3673469388,47.9591836735,45.7142857143,41.8367346939,40.0,33.8775510204,19.1836734694
48.2926829268,46.8292682927,44.6341463415,40.0,37.5609756098,30.243902439,18.0487804878
45.9183673469,44.8979591837,43.0612244898,38.5714285714,38.1632653061,29.7959183673,19.387755102
47.027027027,47.027027027,43.7837837838,41.0810810811,38.6486486486,32.4324324324,22.4324324324
45.5769230769,44.8076923077,41.9230769231,38.0769230769,35.3846153846,26.9230769231,14.2307692308
46.3265306122,45.306122449,41.6326530612,39.7959183673,36.1224489796,31.0204081633,17.3469387755
45.8620689655,44.3103448276,41.8965517241,39.3103448276,37.2413793103,29.6551724138,15.3448275862
49.2857142857,47.619047619,44.0476190476,41.6666666667,37.619047619,31.4285714286,17.380952381
45.0,44.0384615385,42.3076923077,38.2692307692,37.1153846154,30.0,18.2692307692
44.3181818182,44.0909090909,41.8181818182,39.5454545455,35.6818181818,30.2272727273,17.9545454545
43.8709677419,42.5806451613,40.6451612903,38.7096774194,36.4516129032,32.2580645161,20.3225806452
46.3888888889,46.1111111111,43.8888888889,39.7222222222,37.7777777778,31.6666666667,23.0555555556
46.3888888889,44.4444444444,44.1666666667,41.1111111111,38.8888888889,34.1666666667,24.7222222222
46.5853658537,45.1219512195,40.9756097561,39.0243902439,34.8780487805,31.2195121951,17.8048780488
47.9591836735,46.7346938776,45.5102040816,42.8571428571,37.9591836735,33.6734693878,20.0
46.6666666667,46.4583333333,45.0,41.6666666667,37.0833333333,31.6666666667,20.2083333333
46.1111111111,44.4444444444,43.6111111111,40.2777777778,39.7222222222,33.6111111111,17.5
43.6111111111,42.7777777778,41.1111111111,38.3333333333,37.7777777778,33.0555555556,19.7222222222
49.7619047619,48.8095238095,46.4285714286,43.0952380952,39.2857142857,33.0952380952,18.0952380952
45.0943396226,43.5849056604,42.0754716981,40.3773584906,36.7924528302,33.5849056604,20.7547169811
44.1935483871,43.8709677419,42.2580645161,40.6451612903,37.7419354839,31.6129032258,20.3225806452
47.1052631579,45.7894736842,44.7368421053,44.2105263158,40.5263157895,34.4736842105,20.5263157895
45.0,44.0384615385,42.3076923077,38.2692307692,37.1153846154,30.0,18.2692307692
46.1111111111,45.5555555556,43.3333333333,41.9444444444,37.5,33.8888888889,23.3333333333
44.75,43.25,39.5,37.5,33.75,29.0,18.5
46.0869565217,45.8695652174,42.3913043478,39.5652173913,36.0869565217,31.0869565217,19.7826086957
47.3684210526,46.0526315789,44.4736842105,42.3684210526,41.0526315789,34.2105263158,19.7368421053
47.9166666667,47.7083333333,44.375,42.2916666667,39.1666666667,30.4166666667,19.1666666667
45.6818181818,44.7727272727,43.6363636364,40.2272727273,37.7272727273,30.0,17.9545454545
46.1111111111,45.0,44.7222222222,41.1111111111,40.0,33.0555555556,25.2777777778
42.972972973,42.972972973,42.4324324324,38.6486486486,38.1081081081,32.4324324324,21.0810810811
45.6756756757,45.1351351351,44.3243243243,40.2702702703,37.8378378378,31.8918918919,20.2702702703
48.2926829268,47.8048780488,46.0975609756,40.0,34.3902439024,27.5609756098,18.0487804878
48.0952380952,47.380952381,44.5238095238,40.4761904762,37.380952381,29.2857142857,18.3333333333
46.4285714286,45.9523809524,43.0952380952,41.9047619048,37.8571428571,29.2857142857,16.6666666667
44.8275862069,43.7931034483,41.724137931,38.4482758621,34.4827586207,26.8965517241,13.7931034483
45.2542372881,44.2372881356,41.3559322034,38.1355932203,32.8813559322,26.1016949153,15.0847457627
44.5945945946,42.972972973,40.2702702703,38.1081081081,36.7567567568,32.972972973,21.6216216216
49.0196078431,49.0196078431,47.2549019608,43.137254902,40.0,33.3333333333,20.5882352941
43.0555555556,41.9444444444,40.8333333333,38.6111111111,38.3333333333,30.5555555556,19.7222222222
47.2972972973,46.4864864865,42.972972973,43.5135135135,38.9189189189,32.972972973,20.5405405405
45.1724137931,44.3103448276,42.5862068966,39.6551724138,35.3448275862,30.5172413793,16.2068965517
47.6315789474,46.5789473684,45.5263157895,42.6315789474,40.0,32.3684210526,23.1578947368
49.0,48.4,45.6,43.2,41.8,35.2,21.2
46.5853658537,44.8780487805,42.9268292683,36.5853658537,36.5853658537,27.5609756098,17.8048780488
45.0980392157,45.0980392157,41.7647058824,39.6078431373,38.0392156863,31.7647058824,19.6078431373
47.5,45.625,44.5833333333,40.4166666667,39.375,32.9166666667,20.625
45.5555555556,44.7222222222,43.3333333333,40.0,37.5,33.0555555556,18.8888888889
47.0,46.8,45.8,42.8,39.8,32.8,19.0
48.0769230769,46.1538461538,45.7692307692,42.3076923077,39.2307692308,33.0769230769,18.8461538462
45.9090909091,44.0909090909,40.2272727273,37.5,34.7727272727,28.6363636364,17.9545454545
46.7567567568,45.6756756757,44.5945945946,41.0810810811,40.8108108108,32.972972973,22.7027027027
45.7142857143,44.5238095238,42.8571428571,40.0,36.1904761905,29.7619047619,18.8095238095
46.3461538462,45.7692307692,43.8461538462,40.1923076923,38.6538461538,32.5,19.6153846154
48.0487804878,47.8048780488,45.3658536585,42.9268292683,39.0243902439,31.9512195122,18.5365853659
45.5555555556,45.2777777778,44.4444444444,41.1111111111,41.3888888889,34.1666666667,23.3333333333
47.7777777778,46.9444444444,44.7222222222,41.1111111111,38.6111111111,33.0555555556,21.3888888889
46.3461538462,46.1538461538,42.5,40.0,38.0769230769,32.1153846154,18.6538461538
46.5909090909,45.6818181818,40.9090909091,38.4090909091,32.9545454545,29.7727272727,18.6363636364
46.8292682927,46.0975609756,42.1951219512,37.8048780488,34.8780487805,29.2682926829,19.0243902439
44.1935483871,43.2258064516,42.2580645161,38.064516129,36.4516129032,33.5483870968,20.9677419355
44.3103448276,44.1379310345,42.0689655172,39.4827586207,38.1034482759,29.8275862069,16.0344827586
47.2972972973,46.7567567568,45.6756756757,42.1621621622,40.5405405405,34.3243243243,22.4324324324
44.8780487805,43.6585365854,40.9756097561,36.8292682927,33.6585365854,28.7804878049,16.3414634146
46.3888888889,44.1666666667,43.6111111111,39.4444444444,36.3888888889,32.5,20.2777777778
44.375,42.5,42.1875,39.6875,37.1875,31.25,20.0
45.4545454545,44.8484848485,43.0303030303,43.0303030303,37.8787878788,34.8484848485,22.7272727273
45.6,44.6,43.0,40.8,36.2,32.4,19.6
49.1489361702,47.6595744681,44.8936170213,42.1276595745,39.7872340426,30.0,19.1489361702
47.2916666667,46.0416666667,44.5833333333,40.2083333333,38.5416666667,33.125,19.5833333333
44.5945945946,43.5135135135,42.4324324324,40.2702702703,37.8378378378,32.972972973,24.0540540541
48.3333333333,47.5,45.625,42.2916666667,40.0,33.5416666667,19.7916666667
47.5675675676,45.1351351351,41.8918918919,42.972972973,40.0,35.4054054054,20.8108108108
46.0526315789,45.5263157895,44.7368421053,43.1578947368,38.9473684211,35.5263157895,21.8421052632
45.9090909091,45.4545454545,42.2727272727,40.0,37.5,25.2272727273,17.5
44.5652173913,43.2608695652,41.9565217391,37.6086956522,36.9565217391,29.347826087,18.2608695652
45.2830188679,45.6603773585,43.5849056604,40.1886792453,37.7358490566,33.2075471698,21.1320754717
47.4074074074,46.2962962963,43.3333333333,39.2592592593,36.1111111111,29.6296296296,14.0740740741
42.7777777778,42.5,43.0555555556,37.5,38.3333333333,31.6666666667,19.4444444444
43.5185185185,43.5185185185,41.2962962963,37.962962963,32.2222222222,25.5555555556,13.8888888889
49.4444444444,48.6111111111,46.1111111111,44.7222222222,41.3888888889,34.4444444444,21.6666666667
46.8888888889,46.2222222222,44.2222222222,40.4444444444,36.4444444444,28.6666666667,17.5555555556
45.1020408163,44.4897959184,43.2653061224,40.612244898,38.7755102041,33.6734693878,21.0204081633
46.3157894737,45.7894736842,43.6842105263,40.0,37.1052631579,33.6842105263,23.6842105263
46.0975609756,44.6341463415,41.9512195122,40.487804878,37.5609756098,30.243902439,19.0243902439
46.3888888889,46.3888888889,43.0555555556,40.8333333333,37.2222222222,31.6666666667,21.9444444444
48.0,47.5555555556,43.3333333333,40.6666666667,37.5555555556,29.5555555556,16.0
47.7777777778,46.1111111111,44.7222222222,42.5,38.3333333333,35.5555555556,23.3333333333
45.2941176471,44.7058823529,41.7647058824,38.2352941176,36.862745098,31.9607843137,19.4117647059
47.1052631579,47.1052631579,46.0526315789,41.5789473684,41.3157894737,36.3157894737,21.5789473684
45.6097560976,45.6097560976,41.2195121951,39.756097561,36.0975609756,31.7073170732,19.512195122
46.6037735849,45.0943396226,43.5849056604,41.320754717,38.679245283,32.641509434,19.2452830189
47.3333333333,46.0,44.2222222222,39.3333333333,38.8888888889,29.7777777778,18.6666666667
46.4150943396,46.2264150943,43.5849056604,41.320754717,37.1698113208,29.0566037736,15.8490566038
47.5471698113,47.1698113208,43.0188679245,40.5660377358,36.7924528302,29.4339622642,14.7169811321
45.8928571429,45.5357142857,43.9285714286,39.4642857143,35.5357142857,25.5357142857,15.1785714286
45.5172413793,45.0,42.0689655172,40.5172413793,38.4482758621,30.6896551724,15.0
48.0555555556,47.2222222222,45.5555555556,41.9444444444,40.2777777778,31.1111111111,21.6666666667
45.5555555556,44.2592592593,42.2222222222,39.0740740741,35.1851851852,28.3333333333,14.0740740741
45.0,43.8888888889,41.6666666667,37.4074074074,36.8518518519,31.8518518519,21.1111111111
47.9069767442,46.976744186,44.8837209302,41.1627906977,38.6046511628,31.1627906977,19.0697674419
45.2777777778,43.8888888889,42.5,41.6666666667,38.8888888889,32.2222222222,23.8888888889
46.4285714286,44.2857142857,42.8571428571,39.5238095238,34.0476190476,28.8095238095,18.3333333333
46.511627907,45.5813953488,42.7906976744,38.3720930233,36.511627907,29.7674418605,18.6046511628
45.2777777778,44.7222222222,43.3333333333,41.1111111111,35.8333333333,32.5,19.4444444444
44.5714285714,43.7142857143,41.7142857143,40.2857142857,37.7142857143,35.4285714286,23.1428571429
46.0869565217,45.2173913043,42.1739130435,39.1304347826,35.8695652174,30.8695652174,19.5652173913
45.8620689655,44.6551724138,42.0689655172,38.7931034483,35.1724137931,29.3103448276,15.6896551724
47.5675675676,46.4864864865,43.7837837838,40.8108108108,37.2972972973,33.7837837838,23.5135135135
46.875,45.625,45.0,41.6666666667,39.1666666667,34.1666666667,19.375
44.8648648649,43.5135135135,43.5135135135,39.7297297297,37.8378378378,32.1621621622,22.7027027027
45.5769230769,44.6153846154,41.1538461538,40.5769230769,38.6538461538,31.1538461538,20.0
46.1224489796,45.306122449,41.4285714286,39.387755102,37.5510204082,30.2040816327,19.5918367347
45.0,43.4210526316,40.7894736842,40.0,37.3684210526,28.9473684211,22.3684210526
48.6538461538,46.5384615385,45.1923076923,42.5,39.8076923077,33.0769230769,20.0
46.5217391304,45.652173913,42.8260869565,39.7826086957,38.2608695652,31.5217391304,17.8260869565
46.3265306122,44.4897959184,42.8571428571,38.3673469388,38.9795918367,31.6326530612,20.2040816327
44.5652173913,43.2608695652,41.9565217391,39.5652173913,36.5217391304,29.347826087,19.7826086957
45.1923076923,44.4230769231,42.1153846154,39.8076923077,38.6538461538,32.5,18.6538461538
49.1111111111,46.0,44.4444444444,40.6666666667,38.8888888889,30.6666666667,18.2222222222
47.1153846154,46.7307692308,44.0384615385,42.1153846154,39.4230769231,30.9615384615,20.3846153846
45.5555555556,43.6111111111,41.9444444444,39.7222222222,38.3333333333,33.0555555556,23.8888888889
46.5789473684,45.2631578947,43.9473684211,42.1052631579,40.0,32.3684210526,22.3684210526
46.3043478261,46.5217391304,44.5652173913,40.2173913043,35.8695652174,30.652173913,17.1739130435
