ten,twen,threefive,fifty,sixty,sevenfive,nine
48.8461538462,48.8461538462,46.1538461538,42.3076923077,41.9230769231,35.0,16.9230769231
49.5238095238,49.0476190476,47.1428571429,45.2380952381,44.2857142857,35.2380952381,19.0476190476
43.125,43.125,43.75,40.625,39.375,33.125,19.375
49.6296296296,49.2592592593,45.9259259259,45.1851851852,37.4074074074,34.0740740741,19.2592592593
43.3333333333,43.3333333333,43.3333333333,39.5833333333,38.3333333333,31.25,17.0833333333
45.5555555556,45.5555555556,43.8888888889,41.1111111111,38.3333333333,36.1111111111,19.4444444444
49.4736842105,50.0,47.3684210526,43.6842105263,41.5789473684,36.8421052632,24.2105263158
49.1304347826,46.5217391304,45.652173913,44.7826086957,39.1304347826,29.5652173913,16.0869565217
45.0,43.75,41.875,39.375,37.5,33.125,19.375
50.0,49.1304347826,46.5217391304,45.2173913043,42.6086956522,36.9565217391,20.8695652174
47.3684210526,46.3157894737,44.7368421053,40.0,41.5789473684,35.7894736842,23.6842105263
50.0,48.3333333333,46.6666666667,42.7777777778,40.0,36.1111111111,22.7777777778
49.5238095238,49.5238095238,49.0476190476,44.7619047619,41.9047619048,35.2380952381,20.4761904762
47.8571428571,45.7142857143,43.5714285714,39.2857142857,39.6428571429,31.0714285714,20.3571428571
47.7777777778,45.9259259259,43.7037037037,41.4814814815,38.1481481481,33.3333333333,17.7777777778
46.3157894737,46.8421052632,43.6842105263,41.5789473684,36.8421052632,32.1052631579,24.2105263158
49.2857142857,47.1428571429,45.3571428571,42.8571428571,38.9285714286,32.8571428571,22.5
45.2941176471,44.7058823529,44.1176470588,43.5294117647,40.5882352941,37.6470588235,31.1764705882
47.5862068966,45.8620689655,43.7931034483,41.0344827586,37.5862068966,32.4137931034,17.9310344828
46.9565217391,46.9565217391,43.0434782609,40.8695652174,35.652173913,28.6956521739,13.9130434783
46.4,46.0,43.6,38.8,38.4,30.8,15.6
47.9310344828,48.275862069,46.8965517241,41.0344827586,36.5517241379,32.7586206897,18.9655172414
44.8,44.4,42.0,38.4,35.2,30.4,19.2
50.0,50.0,48.0,46.0,42.0,39.3333333333,22.6666666667
50.0,49.3333333333,47.3333333333,46.0,44.6666666667,41.3333333333,26.6666666667
50.0,48.8,47.2,44.8,41.6,33.6,17.6
47.4193548387,46.7741935484,43.8709677419,41.935483871,39.6774193548,30.3225806452,15.4838709677
44.6666666667,44.0,42.6666666667,42.0,39.3333333333,33.3333333333,21.3333333333
49.6551724138,49.3103448276,47.9310344828,42.4137931034,41.0344827586,35.1724137931,18.6206896552
49.6428571429,47.1428571429,45.0,39.2857142857,40.3571428571,31.0714285714,18.5714285714
43.125,41.875,40.625,38.75,37.5,31.875,19.375
43.5294117647,42.9411764706,42.3529411765,40.0,38.8235294118,32.9411764706,19.4117647059
49.0476190476,48.5714285714,49.0476190476,47.1428571429,39.5238095238,37.1428571429,20.0
44.0,44.4,42.8,39.6,36.8,32.4,16.8
50.0,48.1481481481,46.2962962963,43.3333333333,41.4814814815,32.5925925926,20.0
47.5,44.5833333333,43.75,40.0,35.8333333333,30.4166666667,17.5
47.7777777778,47.4074074074,43.3333333333,42.2222222222,40.7407407407,33.3333333333,17.7777777778
47.0588235294,46.4705882353,46.4705882353,45.8823529412,40.5882352941,34.7058823529,21.1764705882
48.5714285714,47.619047619,47.1428571429,45.2380952381,40.4761904762,32.380952381,15.7142857143
47.5,47.0833333333,44.5833333333,41.6666666667,35.4166666667,29.5833333333,15.4166666667
47.3684210526,47.8947368421,45.7894736842,41.0526315789,38.4210526316,32.1052631579,20.0
45.7692307692,45.0,40.3846153846,38.4615384615,36.9230769231,33.0769230769,18.0769230769
48.8461538462,46.9230769231,44.6153846154,43.8461538462,43.0769230769,33.8461538462,19.6153846154
47.7777777778,47.4074074074,45.1851851852,39.6296296296,39.6296296296,30.3703703704,17.4074074074
49.6296296296,47.4074074074,46.6666666667,41.8518518519,40.0,32.5925925926,18.8888888889
44.6153846154,44.6153846154,43.0769230769,39.2307692308,40.0,32.6923076923,16.5384615385
49.3103448276,47.9310344828,46.2068965517,41.3793103448,40.0,37.5862068966,18.6206896552
48.3333333333,45.8333333333,44.5833333333,40.4166666667,37.9166666667,31.6666666667,19.1666666667
47.2222222222,46.6666666667,46.1111111111,43.3333333333,37.2222222222,35.5555555556,17.2222222222
49.6666666667,46.0,45.6666666667,42.6666666667,40.0,35.0,17.6666666667
44.5833333333,44.5833333333,40.8333333333,40.8333333333,36.6666666667,30.8333333333,16.6666666667
46.4,45.2,43.6,42.0,38.4,33.2,16.4
48.125,47.5,46.25,41.875,40.0,38.125,28.75
49.5652173913,48.2608695652,47.3913043478,45.652173913,43.0434782609,35.2173913043,21.3043478261
40.0,39.4444444444,37.2222222222,36.6666666667,30.5555555556,25.5555555556,18.8888888889
47.6470588235,48.2352941176,45.2941176471,44.7058823529,40.5882352941,35.8823529412,19.4117647059
42.7777777778,42.2222222222,40.0,38.8888888889,34.4444444444,27.7777777778,16.6666666667
49.4117647059,50.0,47.6470588235,42.3529411765,41.1764705882,37.0588235294,19.4117647059
47.7777777778,46.6666666667,44.0740740741,41.8518518519,36.6666666667,30.0,16.6666666667
47.8571428571,48.5714285714,46.0714285714,44.2857142857,42.8571428571,35.3571428571,17.8571428571
46.0,45.2,40.8,36.8,34.8,30.4,16.8
47.3913043478,46.5217391304,45.2173913043,41.3043478261,37.8260869565,27.8260869565,13.4782608696
46.0,46.4,42.4,39.2,38.0,29.6,12.8
48.8235294118,48.2352941176,46.4705882353,45.2941176471,41.7647058824,35.2941176471,25.2941176471
48.75,47.9166666667,44.5833333333,39.1666666667,35.0,31.6666666667,18.75
48.2352941176,48.8235294118,47.0588235294,43.5294117647,38.2352941176,35.8823529412,23.5294117647
49.2,47.6,47.2,44.0,41.2,31.2,14.0
49.1666666667,47.5,43.75,41.6666666667,41.25,32.0833333333,20.0
45.625,45.0,45.0,42.5,40.0,33.75,18.125
49.3333333333,47.0,46.0,43.3333333333,42.0,35.0,20.3333333333
43.2,44.0,41.2,38.4,37.6,31.6,17.2
47.6,46.4,45.6,41.6,43.2,37.6,20.0
48.0,46.6666666667,45.3333333333,44.6666666667,43.3333333333,40.6666666667,28.0
48.5714285714,47.1428571429,43.5714285714,39.2857142857,37.8571428571,31.0714285714,21.4285714286
48.064516129,47.0967741935,45.4838709677,44.5161290323,40.6451612903,33.5483870968,17.7419354839
48.4210526316,46.8421052632,47.3684210526,42.6315789474,39.4736842105,38.9473684211,26.3157894737
49.2857142857,46.7857142857,45.7142857143,41.4285714286,37.5,35.3571428571,17.1428571429
44.8,43.2,42.0,39.2,37.2,30.8,14.8
46.0714285714,43.9285714286,45.0,39.2857142857,35.3571428571,27.1428571429,12.5
48.8461538462,48.4615384615,46.9230769231,43.0769230769,40.0,30.7692307692,15.0
48.125,48.75,48.75,43.125,41.25,36.25,18.75
48.75,47.5,47.0833333333,40.8333333333,38.3333333333,31.25,18.75
50.0,50.0,47.8947368421,46.3157894737,41.5789473684,36.8421052632,24.2105263158
46.1904761905,45.7142857143,44.7619047619,42.8571428571,38.0952380952,36.1904761905,20.9523809524
43.75,44.1666666667,42.9166666667,40.8333333333,37.5,32.0833333333,16.25
47.1428571429,47.5,45.3571428571,39.6428571429,35.7142857143,29.6428571429,19.2857142857
46.9230769231,46.5384615385,43.4615384615,42.6923076923,39.2307692308,31.9230769231,17.3076923077
48.8461538462,47.6923076923,42.6923076923,39.6153846154,39.2307692308,32.3076923077,18.8461538462
47.7272727273,46.3636363636,43.1818181818,41.3636363636,37.7272727273,28.6363636364,15.0
47.0833333333,45.0,41.6666666667,40.4166666667,37.5,32.0833333333,19.5833333333
47.9310344828,46.5517241379,44.4827586207,42.4137931034,38.9655172414,35.1724137931,18.9655172414
42.3076923077,40.3846153846,38.8461538462,36.1538461538,33.8461538462,33.4615384615,17.6923076923
48.5714285714,47.8571428571,46.7857142857,43.2142857143,40.3571428571,32.1428571429,17.8571428571
50.0,49.375,45.0,43.75,42.5,40.0,21.875
49.1666666667,46.6666666667,44.1666666667,40.8333333333,39.5833333333,31.6666666667,20.0
47.8571428571,45.7142857143,45.7142857143,42.5,38.9285714286,36.7857142857,17.5
49.2592592593,48.5185185185,43.7037037037,41.1111111111,38.1481481481,31.8518518519,18.1481481481
43.3333333333,44.5833333333,42.9166666667,40.4166666667,36.25,32.5,16.25
48.2142857143,46.4285714286,43.9285714286,42.8571428571,39.2857142857,34.2857142857,17.8571428571
48.125,45.9375,44.375,41.25,39.0625,32.5,16.5625
47.0588235294,47.0588235294,47.0588235294,44.7058823529,42.9411764706,37.0588235294,20.5882352941
47.9166666667,49.1666666667,45.4166666667,42.0833333333,40.0,32.0833333333,18.75
47.5,47.5,47.5,41.875,36.875,35.625,24.375
49.5,47.0,46.5,46.5,43.0,36.5,23.5
47.9166666667,46.6666666667,43.75,40.4166666667,35.8333333333,28.3333333333,20.0
49.0476190476,48.5714285714,47.1428571429,40.9523809524,36.1904761905,30.9523809524,20.4761904762
47.0588235294,46.4705882353,42.9411764706,41.1764705882,40.0,37.0588235294,18.8235294118
47.5,45.3571428571,44.6428571429,44.2857142857,40.3571428571,32.5,17.8571428571
48.2142857143,47.8571428571,45.7142857143,42.5,37.8571428571,33.5714285714,20.0
43.3333333333,44.5833333333,42.9166666667,40.0,35.4166666667,30.4166666667,17.0833333333
49.375,48.125,46.875,45.625,41.875,36.875,26.25
50.0,48.2352941176,47.6470588235,46.4705882353,43.5294117647,38.2352941176,18.8235294118
47.9166666667,47.0833333333,45.4166666667,40.4166666667,36.6666666667,32.0833333333,14.1666666667
49.3103448276,46.5517241379,44.1379310345,42.7586206897,36.5517241379,33.4482758621,17.5862068966
50.0,46.6666666667,42.5,37.9166666667,35.4166666667,32.0833333333,18.3333333333
46.2962962963,47.037037037,45.5555555556,41.8518518519,40.7407407407,35.5555555556,17.4074074074
47.8260869565,46.9565217391,46.5217391304,41.3043478261,38.6956521739,31.7391304348,15.2173913043
44.7058823529,44.1176470588,43.5294117647,41.1764705882,38.2352941176,35.2941176471,18.8235294118
48.8461538462,48.4615384615,46.9230769231,44.2307692308,40.3846153846,33.0769230769,17.3076923077
47.9166666667,46.6666666667,46.25,43.3333333333,38.3333333333,30.8333333333,14.1666666667
45.3846153846,45.0,42.3076923077,38.4615384615,36.5384615385,32.3076923077,16.9230769231
46.25,44.5833333333,44.5833333333,40.8333333333,36.25,31.6666666667,17.0833333333
43.3333333333,43.3333333333,43.3333333333,39.5833333333,38.3333333333,31.25,17.0833333333
49.2,48.8,44.8,39.2,38.8,32.4,18.4
47.8947368421,47.8947368421,46.3157894737,40.5263157895,39.4736842105,37.3684210526,25.7894736842
46.9565217391,46.9565217391,43.9130434783,40.0,37.3913043478,30.0,14.347826087
47.7777777778,45.9259259259,42.962962963,40.7407407407,39.2592592593,33.3333333333,18.8888888889
48.2352941176,47.6470588235,46.4705882353,45.2941176471,43.5294117647,38.8235294118,28.8235294118
50.0,49.3333333333,50.0,47.3333333333,47.3333333333,39.3333333333,20.0
49.4117647059,49.4117647059,48.2352941176,45.2941176471,41.7647058824,36.4705882353,18.2352941176
49.5833333333,48.3333333333,47.9166666667,40.8333333333,36.6666666667,34.5833333333,17.9166666667
48.9655172414,48.9655172414,46.5517241379,43.4482758621,40.3448275862,34.4827586207,15.5172413793
48.1481481481,46.6666666667,43.7037037037,42.5925925926,40.0,32.2222222222,19.6296296296
44.1176470588,44.1176470588,43.5294117647,41.1764705882,40.0,31.7647058824,19.4117647059
48.2142857143,46.0714285714,46.0714285714,40.7142857143,39.6428571429,33.2142857143,17.8571428571
43.3333333333,44.1666666667,41.25,42.0833333333,36.6666666667,32.5,17.9166666667
47.0833333333,45.8333333333,44.5833333333,42.5,35.8333333333,30.0,12.5
50.0,49.4117647059,46.4705882353,44.7058823529,41.1764705882,36.4705882353,27.0588235294
47.037037037,44.4444444444,45.5555555556,38.1481481481,39.2592592593,34.4444444444,18.5185185185
47.1428571429,46.0714285714,44.2857142857,42.5,37.8571428571,30.7142857143,17.5
49.2,47.2,43.6,41.2,40.8,30.4,17.2
47.2,46.0,44.0,40.4,38.0,28.0,12.8
48.3333333333,48.3333333333,45.0,42.2222222222,39.4444444444,35.5555555556,22.2222222222
48.4,48.4,44.0,39.6,35.6,33.2,20.0
46.8,44.8,42.0,39.6,37.2,32.0,18.4
49.1666666667,48.3333333333,47.0833333333,42.9166666667,37.5,32.9166666667,18.75
47.037037037,46.2962962963,44.0740740741,42.2222222222,41.1111111111,32.2222222222,18.5185185185
47.0588235294,47.0588235294,45.2941176471,44.1176470588,41.7647058824,38.8235294118,28.2352941176
46.8181818182,46.8181818182,43.6363636364,41.3636363636,35.9090909091,30.9090909091,13.6363636364
47.7777777778,47.4074074074,43.3333333333,42.2222222222,40.7407407407,33.3333333333,17.7777777778
48.4210526316,47.3684210526,45.2631578947,40.5263157895,41.0526315789,35.7894736842,23.1578947368
50.0,49.3333333333,48.6666666667,47.3333333333,43.3333333333,42.6666666667,28.0
48.1818181818,47.7272727273,46.8181818182,43.6363636364,44.5454545455,41.3636363636,18.6363636364
47.5,47.5,43.75,40.4166666667,39.5833333333,32.9166666667,22.5
44.6153846154,44.2307692308,41.9230769231,37.6923076923,36.5384615385,30.7692307692,13.0769230769
48.125,47.5,46.25,41.875,40.0,38.125,28.75
47.9310344828,46.8965517241,44.4827586207,40.6896551724,38.6206896552,33.1034482759,17.2413793103
48.2142857143,47.5,44.6428571429,41.4285714286,36.7857142857,30.7142857143,19.6428571429
49.5652173913,47.8260869565,47.3913043478,42.1739130435,40.4347826087,33.4782608696,16.5217391304
46.875,46.875,46.875,43.125,43.125,38.125,19.375
48.4615384615,47.6923076923,43.8461538462,40.3846153846,36.9230769231,32.3076923077,18.0769230769
46.9565217391,45.652173913,44.347826087,39.5652173913,38.2608695652,30.0,14.7826086957
48.8,48.4,46.4,41.6,37.6,30.4,21.6
44.6666666667,44.6666666667,43.3333333333,40.6666666667,40.0,34.0,20.6666666667
47.1428571429,45.3571428571,45.0,41.0714285714,38.5714285714,35.7142857143,18.5714285714
48.6206896552,47.5862068966,44.4827586207,40.0,38.9655172414,32.4137931034,21.0344827586
47.9166666667,47.9166666667,43.75,41.6666666667,40.4166666667,30.8333333333,19.1666666667
48.4615384615,47.3076923077,43.8461538462,41.5384615385,38.0769230769,33.0769230769,17.6923076923
47.7777777778,45.1851851852,45.9259259259,38.5185185185,38.8888888889,33.7037037037,17.4074074074
48.125,46.875,46.875,44.375,40.0,33.125,18.75
50.0,48.8888888889,46.2962962963,43.7037037037,40.7407407407,34.8148148148,18.1481481481
47.037037037,47.037037037,42.5925925926,42.2222222222,37.7777777778,35.9259259259,17.7777777778
46.5517241379,45.1724137931,43.4482758621,40.3448275862,39.6551724138,32.0689655172,19.6551724138
48.2352941176,45.8823529412,43.5294117647,40.5882352941,38.8235294118,37.0588235294,25.2941176471
50.0,49.3333333333,47.3333333333,44.6666666667,42.6666666667,42.6666666667,24.0
48.9285714286,46.4285714286,44.6428571429,41.4285714286,40.0,31.4285714286,17.8571428571
50.0,48.75,46.875,44.375,43.125,39.375,20.625
48.125,47.5,46.25,41.875,40.0,38.125,28.75
49.0625,49.0625,44.375,40.9375,41.25,34.0625,17.8125
48.4210526316,46.8421052632,44.2105263158,40.0,38.9473684211,34.7368421053,23.1578947368
48.75,47.0833333333,44.1666666667,40.0,39.1666666667,30.4166666667,18.3333333333
47.0588235294,47.0588235294,46.4705882353,45.2941176471,43.5294117647,37.0588235294,20.5882352941
48.9285714286,48.5714285714,44.2857142857,42.5,37.5,33.2142857143,17.1428571429
49.4117647059,48.2352941176,47.6470588235,46.4705882353,40.5882352941,32.9411764706,17.0588235294
48.8888888889,48.5185185185,45.9259259259,42.5925925926,39.6296296296,34.0740740741,19.2592592593
47.8947368421,47.3684210526,46.8421052632,45.7894736842,43.1578947368,35.7894736842,25.7894736842
50.0,48.6666666667,49.3333333333,46.6666666667,44.0,41.3333333333,28.6666666667
47.0588235294,46.4705882353,41.1764705882,40.5882352941,38.8235294118,35.2941176471,18.8235294118
44.8148148148,42.962962963,42.5925925926,38.8888888889,38.8888888889,33.3333333333,15.9259259259
42.7777777778,41.6666666667,39.4444444444,36.6666666667,33.3333333333,27.2222222222,17.7777777778
46.5217391304,44.7826086957,43.0434782609,38.2608695652,33.9130434783,26.9565217391,13.9130434783
50.0,49.1666666667,46.6666666667,44.5833333333,39.1666666667,34.5833333333,20.4166666667
47.3684210526,47.3684210526,46.3157894737,43.1578947368,38.4210526316,38.9473684211,24.7368421053
48.0,46.8,43.2,38.4,35.6,28.4,13.6
47.5,48.125,46.25,40.0,41.875,33.75,25.0
47.5,44.6428571429,44.2857142857,41.7857142857,38.2142857143,36.4285714286,16.7857142857
50.0,49.4117647059,50.0,47.0588235294,44.7058823529,34.1176470588,22.3529411765
48.8461538462,47.6923076923,43.8461538462,43.0769230769,39.2307692308,33.4615384615,19.2307692308
47.6470588235,47.6470588235,45.2941176471,44.7058823529,40.0,33.5294117647,25.2941176471
50.0,50.0,48.0,50.0,45.0,45.0,30.0
45.8333333333,45.4166666667,41.25,40.8333333333,37.5,30.0,18.75
49.1304347826,48.6956521739,49.1304347826,46.5217391304,40.4347826087,33.9130434783,15.652173913
49.5833333333,47.5,46.25,40.8333333333,39.5833333333,32.0833333333,17.0833333333
47.6470588235,45.2941176471,43.5294117647,40.5882352941,38.8235294118,35.8823529412,24.7058823529
46.5384615385,45.3846153846,43.4615384615,38.8461538462,37.3076923077,28.0769230769,13.4615384615
45.2173913043,44.347826087,42.6086956522,39.1304347826,36.0869565217,28.6956521739,14.347826087
50.0,48.8235294118,47.0588235294,45.2941176471,42.9411764706,38.2352941176,17.6470588235
48.5185185185,47.037037037,45.5555555556,42.962962963,41.8518518519,33.3333333333,18.1481481481
48.0769230769,47.3076923077,43.8461538462,43.4615384615,41.9230769231,35.7692307692,17.6923076923
49.6296296296,49.2592592593,45.5555555556,42.962962963,40.0,36.6666666667,17.4074074074
47.037037037,46.2962962963,44.0740740741,42.2222222222,41.1111111111,32.2222222222,18.5185185185
49.3103448276,47.9310344828,46.2068965517,44.8275862069,41.3793103448,34.4827586207,20.0
48.1481481481,47.7777777778,47.037037037,43.3333333333,40.7407407407,35.1851851852,17.037037037
45.8333333333,45.0,43.75,40.8333333333,37.5,32.0833333333,18.3333333333
43.3333333333,44.5833333333,42.9166666667,40.4166666667,36.25,32.5,16.25
45.2941176471,44.7058823529,44.1176470588,43.5294117647,40.5882352941,37.6470588235,31.1764705882
47.9166666667,46.25,44.5833333333,42.0833333333,37.5,27.9166666667,12.5
45.0,44.375,42.5,41.25,37.5,33.125,20.0
46.7857142857,47.1428571429,42.8571428571,40.0,39.6428571429,35.3571428571,17.1428571429
47.6,46.0,44.0,39.6,36.8,30.8,18.0
47.3076923077,45.0,45.7692307692,43.0769230769,38.0769230769,32.6923076923,13.8461538462
48.6666666667,48.0,46.3333333333,42.6666666667,40.3333333333,34.6666666667,18.3333333333
45.0,45.0,44.375,43.125,41.25,37.5,20.625
49.6551724138,48.6206896552,45.8620689655,41.724137931,40.6896551724,33.4482758621,18.275862069
46.6666666667,46.1904761905,44.2857142857,40.4761904762,39.5238095238,35.2380952381,17.619047619
44.8,44.4,42.4,40.4,38.8,33.2,18.0
47.4074074074,46.6666666667,46.2962962963,40.0,41.4814814815,35.5555555556,17.037037037
48.0769230769,46.9230769231,45.7692307692,43.0769230769,40.0,33.4615384615,19.2307692308
48.2142857143,46.4285714286,46.0714285714,42.8571428571,38.5714285714,31.4285714286,19.6428571429
48.5185185185,48.8888888889,45.9259259259,43.3333333333,41.4814814815,34.4444444444,18.8888888889
48.4210526316,46.8421052632,45.7894736842,40.5263157895,39.4736842105,35.2631578947,27.8947368421
48.4210526316,47.8947368421,45.2631578947,42.6315789474,38.9473684211,32.1052631579,23.1578947368
47.7777777778,47.7777777778,43.8888888889,44.4444444444,42.2222222222,43.3333333333,26.1111111111
49.5238095238,50.0,45.7142857143,42.8571428571,41.9047619048,36.6666666667,20.0
47.8571428571,46.4285714286,44.6428571429,40.3571428571,41.0714285714,32.5,20.3571428571
48.2142857143,47.5,42.1428571429,42.1428571429,38.9285714286,31.7857142857,19.6428571429
46.8181818182,45.9090909091,45.4545454545,39.5454545455,35.4545454545,29.0909090909,13.6363636364
47.619047619,46.1904761905,45.7142857143,42.380952381,40.9523809524,33.3333333333,18.5714285714
47.5,46.25,44.1666666667,37.5,34.5833333333,27.9166666667,14.5833333333
46.4705882353,46.4705882353,44.1176470588,41.1764705882,39.4117647059,35.8823529412,24.7058823529
49.0476190476,48.0952380952,46.1904761905,42.8571428571,44.2857142857,35.2380952381,19.0476190476
44.5833333333,45.0,43.75,38.75,37.9166666667,34.1666666667,16.6666666667
48.8,46.0,43.6,42.0,36.4,30.8,18.8
50.0,48.125,47.5,44.375,41.25,36.875,20.0
44.375,44.375,41.25,40.0,36.875,31.875,20.0
48.9285714286,48.5714285714,45.3571428571,43.5714285714,42.8571428571,35.7142857143,16.7857142857
50.0,49.6,48.4,46.4,43.6,37.2,19.2
50.0,48.6956521739,46.5217391304,45.652173913,43.9130434783,38.2608695652,22.1739130435
49.6296296296,48.8888888889,47.4074074074,44.4444444444,41.4814814815,31.4814814815,17.037037037
42.3529411765,42.3529411765,41.1764705882,40.0,38.2352941176,31.7647058824,18.8235294118
45.2173913043,44.7826086957,41.7391304348,40.0,36.5217391304,31.3043478261,14.347826087
46.2962962963,46.2962962963,43.7037037037,40.7407407407,40.3703703704,32.962962963,19.6296296296
47.0833333333,45.8333333333,45.4166666667,40.4166666667,35.8333333333,27.9166666667,15.4166666667
47.9166666667,47.9166666667,44.1666666667,40.0,39.1666666667,28.3333333333,19.1666666667
49.0,48.5,49.0,45.5,40.0,33.0,21.0
49.3333333333,49.3333333333,46.6666666667,47.3333333333,44.6666666667,41.3333333333,28.0
46.6666666667,45.4166666667,45.0,39.1666666667,37.9166666667,32.5,13.75
48.8,44.8,43.2,39.6,36.0,28.4,17.6
48.8235294118,46.4705882353,45.8823529412,45.8823529412,40.5882352941,35.8823529412,24.7058823529
48.9285714286,47.5,45.3571428571,42.1428571429,36.0714285714,31.7857142857,22.1428571429
46.5217391304,47.8260869565,45.652173913,43.9130434783,36.0869565217,31.3043478261,16.0869565217
49.2,47.2,42.8,40.8,37.6,31.2,20.4
48.2142857143,48.5714285714,46.7857142857,43.5714285714,41.4285714286,35.0,18.9285714286
48.3333333333,46.6666666667,43.3333333333,42.7777777778,36.6666666667,32.7777777778,20.5555555556
45.6,44.8,40.4,38.0,32.8,29.2,20.0
48.9285714286,46.7857142857,44.6428571429,43.9285714286,37.8571428571,32.8571428571,20.0
47.3913043478,45.652173913,43.0434782609,39.1304347826,36.0869565217,29.1304347826,13.9130434783
48.4210526316,45.7894736842,46.8421052632,40.0,41.0526315789,36.3157894737,24.2105263158
48.75,47.9166666667,42.5,41.6666666667,39.5833333333,30.0,17.0833333333
46.4705882353,45.8823529412,46.4705882353,44.7058823529,40.5882352941,37.6470588235,18.8235294118
45.6,44.8,43.6,40.8,38.0,28.4,13.6
47.2727272727,46.3636363636,44.5454545455,40.9090909091,34.0909090909,26.8181818182,13.6363636364
47.0588235294,46.4705882353,44.1176470588,40.0,38.2352941176,35.2941176471,23.5294117647
45.0,45.0,43.125,43.125,36.875,31.25,20.0
47.3076923077,46.9230769231,42.3076923077,39.2307692308,33.0769230769,25.3846153846,14.2307692308
41.9230769231,41.5384615385,40.0,35.7692307692,35.0,30.7692307692,15.0
47.0588235294,46.4705882353,44.7058823529,45.2941176471,42.3529411765,35.8823529412,18.8235294118
47.7777777778,45.5555555556,45.0,40.5555555556,36.6666666667,31.1111111111,21.6666666667
48.4,46.8,42.4,38.8,36.4,32.8,19.2
45.3846153846,44.6153846154,42.6923076923,41.1538461538,38.8461538462,31.9230769231,17.3076923077
46.0,44.4,42.8,39.2,35.6,29.2,13.6
46.6666666667,45.7142857143,44.7619047619,40.9523809524,39.5238095238,35.2380952381,18.0952380952
48.75,46.6666666667,45.0,41.25,36.6666666667,31.6666666667,19.1666666667
50.0,48.8235294118,48.2352941176,44.7058823529,42.9411764706,35.2941176471,19.4117647059
48.5,49.0,45.5,44.5,39.0,37.0,20.5
50.0,50.0,48.2608695652,46.0869565217,41.7391304348,37.3913043478,20.0
49.4117647059,49.4117647059,47.6470588235,45.8823529412,42.9411764706,37.0588235294,24.1176470588
49.6774193548,48.3870967742,47.4193548387,42.5806451613,41.6129032258,33.5483870968,18.3870967742
46.3636363636,47.2727272727,44.0909090909,42.2727272727,39.5454545455,33.6363636364,19.5454545455
47.3684210526,46.3157894737,46.3157894737,43.6842105263,40.0,37.8947368421,26.3157894737
47.0588235294,45.8823529412,44.7058823529,41.7647058824,40.5882352941,34.1176470588,27.6470588235
46.25,46.25,41.25,39.5833333333,34.1666666667,27.9166666667,12.9166666667
47.2,46.0,42.4,42.4,38.8,32.4,19.2
48.4210526316,47.8947368421,44.7368421053,41.0526315789,38.9473684211,32.6315789474,24.2105263158
45.625,46.875,45.625,40.625,39.375,35.625,24.375
47.2,46.0,43.2,40.4,36.4,30.0,18.0
41.1764705882,41.1764705882,40.0,37.6470588235,35.2941176471,29.4117647059,18.8235294118
48.8461538462,48.4615384615,46.5384615385,45.3846153846,38.4615384615,30.3846153846,13.0769230769
43.5294117647,42.9411764706,42.3529411765,40.0,38.8235294118,32.9411764706,19.4117647059
46.9230769231,46.5384615385,45.3846153846,40.0,40.7692307692,31.9230769231,18.8461538462
49.6428571429,49.2857142857,45.3571428571,43.5714285714,38.5714285714,32.8571428571,17.5
46.6666666667,47.5,42.9166666667,38.3333333333,36.25,27.5,12.0833333333
44.1176470588,44.7058823529,43.5294117647,40.0,39.4117647059,36.4705882353,27.6470588235
49.4117647059,48.2352941176,47.6470588235,40.5882352941,44.1176470588,36.4705882353,25.2941176471
48.4210526316,47.8947368421,46.8421052632,43.6842105263,40.0,36.3157894737,25.7894736842
44.6666666667,44.6666666667,42.6666666667,42.0,40.0,34.0,19.3333333333
47.3913043478,47.3913043478,45.652173913,42.1739130435,41.7391304348,33.9130434783,15.2173913043
46.8421052632,44.7368421053,45.2631578947,42.1052631579,43.6842105263,35.2631578947,25.2631578947
45.3571428571,45.7142857143,45.3571428571,40.0,36.4285714286,30.7142857143,19.6428571429
49.1666666667,47.5,46.6666666667,38.75,39.1666666667,32.5,18.3333333333
46.5517241379,45.5172413793,45.1724137931,39.3103448276,34.1379310345,29.3103448276,20.3448275862
49.2592592593,45.5555555556,45.5555555556,44.8148148148,40.0,33.7037037037,20.7407407407
47.8947368421,47.8947368421,45.7894736842,43.6842105263,41.0526315789,35.7894736842,28.9473684211
47.5,47.5,45.3571428571,43.5714285714,37.8571428571,31.7857142857,18.9285714286
45.3846153846,44.6153846154,42.6923076923,41.1538461538,38.8461538462,31.9230769231,17.3076923077
48.2352941176,45.2941176471,44.7058823529,41.1764705882,38.2352941176,32.3529411765,24.1176470588
48.4210526316,47.8947368421,44.7368421053,43.6842105263,41.5789473684,34.2105263158,26.3157894737
46.8421052632,46.8421052632,44.7368421053,41.0526315789,38.4210526316,34.2105263158,23.6842105263
47.8571428571,47.8571428571,45.0,42.1428571429,38.2142857143,35.3571428571,17.8571428571
48.2352941176,47.6470588235,43.5294117647,40.5882352941,39.4117647059,35.2941176471,22.9411764706
42.2222222222,42.2222222222,40.0,35.5555555556,33.8888888889,30.0,17.7777777778
49.2307692308,46.1538461538,44.2307692308,41.5384615385,40.0,31.9230769231,17.6923076923
46.25,45.4166666667,43.75,38.75,32.5,26.6666666667,13.3333333333
49.2592592593,49.6296296296,48.5185185185,43.3333333333,40.7407407407,38.8888888889,17.4074074074
43.75,44.1666666667,42.5,41.25,37.5,31.6666666667,17.0833333333
45.5555555556,44.4444444444,44.4444444444,41.1111111111,37.2222222222,36.6666666667,24.4444444444
47.2,45.6,43.2,40.8,35.2,30.0,17.2
42.9166666667,42.5,40.0,35.4166666667,32.5,25.4166666667,12.0833333333
46.7857142857,46.0714285714,44.6428571429,40.0,37.8571428571,34.6428571429,18.2142857143
49.0476190476,47.619047619,47.1428571429,43.3333333333,37.1428571429,31.4285714286,15.7142857143
49.6153846154,48.8461538462,46.9230769231,44.6153846154,38.8461538462,30.0,14.6153846154
45.2941176471,44.7058823529,42.9411764706,38.2352941176,37.0588235294,31.7647058824,20.0
47.8260869565,46.9565217391,45.652173913,44.7826086957,39.5652173913,33.0434782609,14.7826086957
47.0588235294,45.8823529412,45.8823529412,40.0,39.4117647059,34.7058823529,24.7058823529
47.0833333333,45.4166666667,41.25,40.8333333333,36.25,28.75,18.3333333333
47.2222222222,46.6666666667,46.6666666667,43.8888888889,42.7777777778,36.6666666667,19.4444444444
45.0,44.375,42.5,40.625,37.5,32.5,19.375
48.4,46.0,44.4,36.8,39.6,32.8,17.6
49.2307692308,47.6923076923,45.0,40.3846153846,37.6923076923,27.3076923077,12.3076923077
47.3684210526,46.8421052632,43.1578947368,39.4736842105,38.4210526316,33.1578947368,22.1052631579
44.6666666667,44.6666666667,43.3333333333,42.0,40.6666666667,33.3333333333,20.6666666667
47.3684210526,45.7894736842,43.6842105263,41.0526315789,38.9473684211,32.6315789474,24.2105263158
47.0588235294,47.0588235294,47.0588235294,44.7058823529,42.9411764706,38.2352941176,20.0
47.8947368421,47.3684210526,47.3684210526,43.1578947368,40.0,35.7894736842,25.2631578947
50.0,48.5,45.5,40.5,38.0,34.0,18.5
44.1176470588,44.1176470588,44.1176470588,42.3529411765,38.8235294118,34.7058823529,19.4117647059
48.5714285714,46.4285714286,43.9285714286,41.0714285714,38.9285714286,32.5,20.0
45.8333333333,42.9166666667,42.5,42.9166666667,35.4166666667,29.5833333333,20.0
47.0833333333,46.25,46.25,44.1666666667,37.0833333333,30.0,12.9166666667
48.3333333333,47.7777777778,46.1111111111,42.7777777778,41.6666666667,34.4444444444,23.3333333333
50.0,50.0,49.3333333333,47.3333333333,45.3333333333,38.0,23.3333333333
49.4117647059,44.7058823529,46.4705882353,40.5882352941,37.6470588235,36.4705882353,25.2941176471
47.3333333333,46.6666666667,45.3333333333,43.3333333333,38.6666666667,38.6666666667,28.6666666667
46.4,43.6,40.0,38.0,33.6,30.8,18.8
46.25,44.5833333333,42.9166666667,39.5833333333,37.9166666667,30.4166666667,17.9166666667
48.2352941176,45.8823529412,44.7058823529,40.5882352941,38.2352941176,36.4705882353,25.8823529412
48.2352941176,47.6470588235,42.9411764706,41.1764705882,42.3529411765,35.8823529412,26.4705882353
48.125,46.875,45.625,44.375,38.75,36.25,27.5
45.7142857143,45.7142857143,42.1428571429,40.7142857143,37.5,29.6428571429,20.0
50.0,49.6153846154,47.6923076923,42.6923076923,40.7692307692,33.4615384615,19.2307692308
46.6666666667,46.0,46.0,44.0,43.3333333333,38.0,20.6666666667
47.037037037,44.4444444444,45.5555555556,38.1481481481,39.2592592593,34.4444444444,18.5185185185
49.2857142857,47.8571428571,46.0714285714,42.5,39.6428571429,31.7857142857,17.8571428571
45.0,45.0,44.375,42.5,39.375,36.875,21.875
48.0769230769,46.5384615385,45.3846153846,38.0769230769,36.5384615385,31.9230769231,18.4615384615
45.0,43.75,42.5,41.25,38.125,31.25,18.75
43.5294117647,44.1176470588,44.1176470588,42.9411764706,40.0,35.8823529412,19.4117647059
49.1666666667,47.5,45.0,41.6666666667,39.1666666667,32.0833333333,17.9166666667
42.3529411765,41.1764705882,41.1764705882,38.2352941176,35.8823529412,29.4117647059,19.4117647059
48.8461538462,49.2307692308,46.1538461538,43.0769230769,37.3076923077,31.9230769231,18.0769230769
47.5862068966,47.5862068966,47.2413793103,44.8275862069,40.3448275862,34.1379310345,18.275862069
48.8888888889,48.1481481481,46.6666666667,46.2962962963,41.8518518519,32.5925925926,18.1481481481
48.2352941176,46.4705882353,42.9411764706,41.1764705882,37.0588235294,30.5882352941,18.2352941176
44.4,44.0,42.8,40.0,39.6,30.4,17.6
48.9285714286,47.1428571429,44.2857142857,43.2142857143,38.9285714286,32.8571428571,18.9285714286
47.0588235294,46.4705882353,46.4705882353,43.5294117647,41.1764705882,38.2352941176,18.2352941176
49.5238095238,49.5238095238,48.0952380952,45.2380952381,45.2380952381,37.619047619,22.380952381
47.3913043478,44.7826086957,40.4347826087,38.6956521739,33.9130434783,27.8260869565,11.3043478261
47.6,46.8,45.2,40.8,34.8,27.2,13.6
48.2352941176,46.4705882353,43.5294117647,42.9411764706,41.7647058824,37.6470588235,25.8823529412
49.5833333333,45.4166666667,45.8333333333,40.0,37.0833333333,30.8333333333,21.25
46.875,47.5,47.5,41.875,41.25,36.875,29.375
48.3333333333,47.9166666667,42.5,42.0833333333,35.8333333333,30.0,19.1666666667
49.6428571429,47.5,46.4285714286,42.8571428571,36.7857142857,31.0714285714,19.6428571429
46.6666666667,45.4166666667,45.0,41.6666666667,37.9166666667,29.5833333333,19.1666666667
47.7777777778,48.3333333333,46.6666666667,44.4444444444,37.7777777778,33.3333333333,25.0
45.3846153846,45.0,43.4615384615,39.6153846154,38.0769230769,30.7692307692,16.1538461538
46.9230769231,44.2307692308,44.6153846154,43.0769230769,38.0769230769,31.1538461538,16.5384615385
47.3076923077,45.7692307692,45.0,43.8461538462,38.8461538462,34.6153846154,19.6153846154
47.6923076923,47.6923076923,46.9230769231,46.1538461538,44.6153846154,42.3076923077,32.3076923077
48.8888888889,48.5185185185,44.8148148148,41.8518518519,37.037037037,34.0740740741,20.0
42.3529411765,42.3529411765,41.1764705882,41.1764705882,37.6470588235,35.8823529412,17.6470588235
49.5,48.5,47.5,44.5,43.0,38.0,19.5
46.8,46.0,43.6,41.2,38.0,32.8,18.8
47.3076923077,44.6153846154,44.6153846154,41.9230769231,33.4615384615,26.5384615385,12.3076923077
44.1666666667,43.3333333333,43.75,38.3333333333,37.5,31.25,19.5833333333
48.125,47.5,45.0,43.75,40.625,36.25,18.75
47.2413793103,46.8965517241,43.4482758621,38.9655172414,35.8620689655,31.724137931,19.3103448276
47.2,46.0,44.0,38.0,32.8,25.2,10.8
50.0,48.75,48.125,44.375,40.0,36.875,21.25
46.5384615385,45.3846153846,43.8461538462,43.4615384615,39.2307692308,34.2307692308,18.4615384615
45.4166666667,45.4166666667,44.5833333333,40.8333333333,36.6666666667,30.4166666667,16.25
50.0,49.6,48.0,44.8,43.6,40.4,20.0
45.0,46.25,43.75,41.6666666667,36.25,31.25,17.9166666667
48.8461538462,48.8461538462,46.9230769231,44.2307692308,43.0769230769,35.3846153846,19.6153846154
48.4210526316,47.3684210526,46.8421052632,43.6842105263,39.4736842105,38.4210526316,25.2631578947
46.4285714286,46.0714285714,41.4285714286,38.2142857143,35.0,32.1428571429,20.7142857143
48.0769230769,47.3076923077,42.6923076923,40.0,36.1538461538,31.1538461538,18.0769230769
44.6666666667,44.0,44.6666666667,40.6666666667,37.3333333333,34.0,19.3333333333
47.3684210526,47.8947368421,45.7894736842,43.1578947368,40.0,35.2631578947,26.8421052632
49.1666666667,48.75,45.8333333333,40.0,40.4166666667,32.5,21.6666666667
47.2,46.8,42.8,42.0,38.4,32.4,20.4
46.4705882353,47.0588235294,45.8823529412,43.5294117647,41.1764705882,37.0588235294,22.3529411765
48.75,49.1666666667,47.0833333333,44.5833333333,44.1666666667,35.8333333333,21.6666666667
48.3333333333,46.25,44.5833333333,38.75,37.9166666667,32.0833333333,17.9166666667
46.1904761905,46.6666666667,45.2380952381,41.4285714286,36.6666666667,32.380952381,18.5714285714
47.6923076923,45.7692307692,45.0,41.1538461538,39.2307692308,34.2307692308,17.6923076923
48.4,46.8,45.2,42.0,40.8,34.4,20.0
45.4166666667,45.0,44.1666666667,39.1666666667,38.75,30.0,14.1666666667
47.4074074074,45.5555555556,43.3333333333,40.7407407407,35.9259259259,26.2962962963,11.4814814815
45.3846153846,44.6153846154,42.6923076923,41.1538461538,38.8461538462,31.9230769231,17.3076923077
49.6153846154,49.6153846154,44.2307692308,41.9230769231,38.0769230769,32.6923076923,16.9230769231
48.4210526316,47.3684210526,46.3157894737,40.5263157895,37.8947368421,34.7368421053,24.2105263158
48.8,45.6,42.8,40.8,36.8,30.4,19.2
49.6875,48.4375,44.0625,41.875,40.625,35.9375,17.5
44.6666666667,44.6666666667,43.3333333333,41.3333333333,39.3333333333,35.3333333333,20.0
46.7857142857,46.4285714286,45.7142857143,40.3571428571,38.9285714286,33.9285714286,20.3571428571
46.4705882353,45.2941176471,44.7058823529,40.0,37.6470588235,33.5294117647,24.1176470588
47.8947368421,47.3684210526,45.7894736842,41.0526315789,38.9473684211,36.3157894737,24.7368421053
45.4166666667,44.5833333333,43.75,39.5833333333,35.0,26.25,12.0833333333
47.7272727273,47.7272727273,46.3636363636,44.0909090909,40.0,32.7272727273,16.8181818182
50.0,49.2592592593,48.8888888889,44.8148148148,41.8518518519,35.5555555556,19.2592592593
48.1481481481,45.5555555556,42.962962963,40.0,38.5185185185,32.962962963,17.037037037
50.0,48.0,48.6666666667,45.3333333333,46.0,42.6666666667,27.3333333333
47.0588235294,47.0588235294,45.2941176471,43.5294117647,40.5882352941,34.7058823529,20.0
47.5,47.0833333333,45.4166666667,39.5833333333,36.6666666667,29.5833333333,13.75
48.4210526316,46.8421052632,45.7894736842,41.5789473684,43.1578947368,36.3157894737,25.7894736842
48.75,48.75,45.8333333333,42.5,41.25,32.0833333333,18.75
46.6666666667,45.0,42.9166666667,40.4166666667,37.0833333333,32.9166666667,20.0
47.0588235294,45.8823529412,46.4705882353,45.2941176471,40.0,33.5294117647,27.0588235294
41.875,41.875,41.875,40.625,36.875,33.125,18.75
46.25,45.625,45.0,42.5,41.875,36.25,20.625
47.2222222222,46.6666666667,45.5555555556,42.7777777778,39.4444444444,36.6666666667,22.7777777778
48.75,49.375,49.375,46.875,41.875,38.125,25.0
48.0,45.6666666667,43.6666666667,39.3333333333,36.6666666667,30.3333333333,17.6666666667
47.037037037,46.2962962963,43.3333333333,43.7037037037,40.3703703704,32.5925925926,17.037037037
49.375,48.125,48.125,46.25,41.875,36.25,20.625
47.0588235294,47.0588235294,45.8823529412,42.9411764706,38.8235294118,35.2941176471,25.2941176471
46.5217391304,47.3913043478,44.7826086957,43.0434782609,40.8695652174,31.3043478261,13.4782608696
48.4,46.4,46.4,40.4,40.4,30.4,19.6
47.5,46.25,45.0,42.9166666667,37.5,31.25,15.4166666667
47.0588235294,47.0588235294,46.4705882353,43.5294117647,41.7647058824,34.7058823529,21.1764705882
47.2413793103,47.2413793103,43.7931034483,40.0,37.5862068966,35.1724137931,17.2413793103
48.8461538462,47.3076923077,44.2307692308,43.8461538462,36.5384615385,32.3076923077,20.7692307692
49.4444444444,49.4444444444,48.3333333333,40.5555555556,42.7777777778,37.2222222222,25.0
50.0,48.8235294118,44.7058823529,43.5294117647,42.3529411765,35.8823529412,18.8235294118
45.2941176471,45.2941176471,43.5294117647,41.1764705882,40.5882352941,32.3529411765,18.8235294118
48.4210526316,47.8947368421,47.3684210526,44.2105263158,42.1052631579,37.3684210526,25.2631578947
44.1666666667,43.75,43.3333333333,39.1666666667,37.5,31.25,18.3333333333
47.4074074074,45.9259259259,45.9259259259,43.7037037037,39.2592592593,35.1851851852,19.6296296296
50.0,50.0,48.2352941176,47.6470588235,46.4705882353,39.4117647059,22.9411764706
48.5185185185,49.2592592593,48.1481481481,44.0740740741,42.5925925926,35.9259259259,20.7407407407
49.1666666667,50.0,46.25,44.5833333333,39.5833333333,29.1666666667,19.1666666667
47.5,47.9166666667,45.4166666667,39.5833333333,37.5,33.75,18.3333333333
39.4117647059,39.4117647059,38.2352941176,35.8823529412,35.8823529412,30.0,18.8235294118
49.2592592593,48.5185185185,46.2962962963,44.0740740741,40.7407407407,37.037037037,20.0
47.5,47.0833333333,46.25,39.1666666667,39.1666666667,31.6666666667,20.4166666667
44.8,43.6,42.8,40.8,36.0,31.2,16.4
50.0,49.4117647059,45.8823529412,44.1176470588,42.9411764706,38.2352941176,20.0
47.5,45.8333333333,44.1666666667,40.8333333333,39.1666666667,30.4166666667,13.3333333333
42.7777777778,41.6666666667,41.6666666667,37.7777777778,36.6666666667,30.0,18.8888888889
48.4210526316,47.3684210526,46.3157894737,43.1578947368,40.5263157895,35.2631578947,25.7894736842
46.6666666667,46.1904761905,44.7619047619,42.8571428571,38.0952380952,33.3333333333,18.5714285714
48.2352941176,47.6470588235,45.8823529412,43.5294117647,41.7647058824,32.3529411765,18.2352941176
44.1176470588,44.1176470588,44.1176470588,41.7647058824,38.2352941176,35.8823529412,20.5882352941
46.4705882353,46.4705882353,44.7058823529,43.5294117647,42.9411764706,34.1176470588,19.4117647059
45.8333333333,45.8333333333,42.9166666667,42.5,36.6666666667,31.25,17.9166666667
47.3684210526,47.3684210526,46.8421052632,45.2631578947,39.4736842105,38.4210526316,26.8421052632
47.5,49.5833333333,47.9166666667,38.3333333333,40.0,31.6666666667,19.5833333333
48.0,48.0,47.3333333333,44.6666666667,38.0,36.6666666667,20.0
49.5833333333,47.9166666667,43.75,42.9166666667,37.5,35.0,20.0
47.2222222222,45.5555555556,45.0,40.0,40.5555555556,31.6666666667,23.8888888889
44.4,43.6,44.4,40.0,36.8,28.8,16.4
49.3333333333,47.3333333333,46.3333333333,37.6666666667,38.3333333333,31.3333333333,18.0
44.8,44.4,42.8,38.0,36.0,30.4,13.6
50.0,49.375,48.75,48.125,42.5,38.75,21.875
48.125,46.875,46.875,44.375,41.25,32.5,18.75
47.7777777778,45.1851851852,44.4444444444,42.5925925926,37.4074074074,34.4444444444,17.7777777778
46.8421052632,45.2631578947,44.2105263158,40.0,39.4736842105,33.6842105263,28.9473684211
41.875,41.875,41.25,40.625,39.375,32.5,20.0
47.5,47.5,47.5,40.625,39.375,34.375,26.875
45.2173913043,42.6086956522,41.3043478261,38.2608695652,34.347826087,27.3913043478,13.9130434783
48.4210526316,45.7894736842,43.6842105263,38.9473684211,37.8947368421,30.5263157895,23.6842105263
47.8571428571,46.7857142857,44.2857142857,42.5,37.5,36.0714285714,20.0
47.0588235294,45.2941176471,44.1176470588,39.4117647059,40.0,32.3529411765,18.2352941176
49.2,47.2,44.0,40.4,39.2,33.6,20.0
48.75,46.6666666667,43.3333333333,41.25,37.0833333333,31.6666666667,20.0
45.3846153846,44.6153846154,42.6923076923,41.1538461538,38.8461538462,31.9230769231,17.3076923077
48.0,47.6,44.4,43.2,39.2,29.2,14.0
49.5652173913,49.1304347826,48.6956521739,46.9565217391,41.7391304348,33.9130434783,14.7826086957
48.6206896552,48.9655172414,47.9310344828,42.7586206897,39.3103448276,34.1379310345,19.6551724138
46.6666666667,46.1904761905,47.1428571429,43.3333333333,43.8095238095,36.6666666667,19.0476190476
48.3333333333,46.3333333333,45.6666666667,42.0,42.6666666667,32.6666666667,18.0
47.037037037,47.037037037,44.4444444444,41.8518518519,37.4074074074,28.8888888889,16.2962962963
47.0833333333,46.25,45.4166666667,41.6666666667,38.3333333333,29.5833333333,15.8333333333
48.2142857143,46.0714285714,41.7857142857,41.7857142857,39.6428571429,34.2857142857,20.3571428571
50.0,50.0,48.125,45.625,43.125,36.875,22.5
49.3333333333,47.6666666667,44.0,42.0,41.3333333333,33.6666666667,17.0
46.8421052632,47.8947368421,45.7894736842,44.2105263158,42.1052631579,35.7894736842,24.7368421053
48.4210526316,47.8947368421,44.2105263158,41.5789473684,38.9473684211,36.3157894737,25.2631578947
48.0,45.0,44.0,40.6666666667,40.3333333333,33.3333333333,18.3333333333
48.8888888889,48.1481481481,47.037037037,41.4814814815,40.3703703704,36.2962962963,20.3703703704
46.8421052632,46.3157894737,45.7894736842,39.4736842105,40.0,32.6315789474,24.7368421053
46.6666666667,47.037037037,43.3333333333,43.7037037037,39.2592592593,33.3333333333,18.8888888889
47.7777777778,45.9259259259,46.2962962963,43.3333333333,37.4074074074,33.3333333333,17.7777777778
46.6666666667,46.0,44.6666666667,46.0,44.0,36.0,23.3333333333
49.2592592593,46.6666666667,45.1851851852,40.7407407407,37.4074074074,34.8148148148,17.7777777778
50.0,49.0476190476,48.5714285714,47.619047619,45.2380952381,40.4761904762,21.4285714286
48.6363636364,48.6363636364,47.2727272727,44.0909090909,43.6363636364,37.2727272727,20.0
48.3333333333,47.0833333333,44.5833333333,44.1666666667,37.9166666667,31.6666666667,20.4166666667
47.5,49.1666666667,45.8333333333,40.0,35.8333333333,29.5833333333,12.5
50.0,49.6,46.4,44.8,44.0,34.4,18.8
49.4444444444,48.8888888889,47.7777777778,42.7777777778,42.2222222222,37.2222222222,25.5555555556
44.1666666667,43.75,42.0833333333,39.1666666667,36.25,31.6666666667,17.0833333333
50.0,47.6923076923,48.0769230769,43.4615384615,41.1538461538,34.6153846154,18.0769230769
45.625,46.875,46.875,43.125,41.25,33.125,24.375
45.8333333333,45.8333333333,43.3333333333,42.5,38.3333333333,32.9166666667,17.9166666667
49.5833333333,49.1666666667,46.25,40.0,40.8333333333,31.25,18.3333333333
49.1666666667,47.9166666667,45.0,45.4166666667,37.9166666667,33.75,21.25
49.0,49.0,46.5,45.0,40.5,33.5,19.5
49.5833333333,48.3333333333,45.8333333333,43.3333333333,34.5833333333,35.0,18.3333333333
46.2962962963,46.2962962963,43.7037037037,40.7407407407,40.3703703704,32.962962963,19.6296296296
48.5,47.5,46.5,43.5,42.5,35.0,23.0
49.1666666667,47.5,47.9166666667,40.4166666667,37.5,33.3333333333,20.8333333333
46.25,46.25,45.625,41.875,40.625,35.0,18.75
49.6296296296,47.4074074074,45.9259259259,42.962962963,41.1111111111,32.962962963,18.8888888889
47.8571428571,47.1428571429,47.1428571429,43.5714285714,41.4285714286,40.7142857143,28.5714285714
49.375,47.5,44.375,40.0,38.125,35.0,17.5
48.2352941176,48.2352941176,47.6470588235,42.9411764706,40.5882352941,34.7058823529,25.2941176471
50.0,50.0,49.1666666667,48.3333333333,47.5,45.8333333333,30.8333333333
48.4,45.2,43.6,43.2,35.6,30.0,17.6
47.3076923077,46.5384615385,45.0,43.0769230769,40.7692307692,31.5384615385,17.6923076923
47.2222222222,47.2222222222,47.2222222222,43.3333333333,41.1111111111,38.3333333333,20.0
48.4,49.2,46.8,44.0,44.0,37.2,18.4
47.4074074074,47.7777777778,45.9259259259,41.8518518519,36.6666666667,28.8888888889,14.0740740741
47.5,46.25,44.375,40.625,39.375,32.5,26.25
49.5833333333,48.3333333333,47.0833333333,44.1666666667,42.9166666667,33.3333333333,22.0833333333
48.4615384615,49.6153846154,48.0769230769,43.4615384615,41.9230769231,34.6153846154,18.8461538462
45.2380952381,44.7619047619,43.8095238095,40.0,37.619047619,33.3333333333,17.1428571429
47.2,48.4,47.2,43.2,40.8,37.2,19.2
48.75,45.8333333333,46.6666666667,42.5,36.6666666667,28.3333333333,15.0
45.0,44.2307692308,43.0769230769,38.0769230769,37.3076923077,31.1538461538,15.7692307692
47.5,47.5,45.0,43.125,40.625,35.0,20.0
46.4,45.6,42.4,37.2,34.8,28.8,20.0
49.3103448276,47.9310344828,45.1724137931,43.1034482759,39.6551724138,34.4827586207,19.3103448276
48.9655172414,48.275862069,44.1379310345,41.3793103448,38.6206896552,31.0344827586,18.6206896552
47.037037037,45.1851851852,44.4444444444,43.7037037037,37.7777777778,33.3333333333,18.8888888889
47.2222222222,46.6666666667,45.5555555556,43.8888888889,42.7777777778,32.7777777778,20.0
49.5238095238,46.6666666667,46.6666666667,46.1904761905,40.0,34.7619047619,20.4761904762
48.0,46.3333333333,45.0,42.6666666667,41.0,33.0,18.0
45.8620689655,47.2413793103,44.1379310345,41.3793103448,38.275862069,29.6551724138,19.3103448276
47.3684210526,47.8947368421,46.3157894737,42.1052631579,37.8947368421,34.7368421053,24.7368421053
45.0,43.8461538462,41.9230769231,38.0769230769,35.3846153846,32.3076923077,16.5384615385
47.6,48.8,45.2,42.8,36.8,32.0,21.2
48.9285714286,47.5,46.0714285714,43.9285714286,43.2142857143,35.3571428571,18.5714285714
47.2222222222,46.1111111111,45.5555555556,44.4444444444,41.1111111111,36.1111111111,24.4444444444
49.1666666667,48.3333333333,46.6666666667,45.8333333333,42.9166666667,34.1666666667,20.4166666667
50.0,49.5833333333,45.8333333333,45.4166666667,44.1666666667,35.4166666667,19.1666666667
44.7058823529,43.5294117647,42.3529411765,39.4117647059,38.2352941176,32.3529411765,20.0
48.125,46.875,45.0,44.375,44.375,38.75,26.875
49.0909090909,48.1818181818,45.0,41.8181818182,35.4545454545,31.3636363636,13.1818181818
46.4705882353,47.0588235294,44.7058823529,42.3529411765,37.6470588235,35.8823529412,26.4705882353
48.2352941176,48.2352941176,47.6470588235,42.9411764706,39.4117647059,31.7647058824,22.3529411765
44.0909090909,45.0,39.5454545455,36.8181818182,33.1818181818,26.3636363636,12.7272727273
47.1428571429,46.4285714286,43.5714285714,40.3571428571,36.7857142857,31.4285714286,19.2857142857
47.8260869565,47.3913043478,46.5217391304,41.3043478261,40.4347826087,33.4782608696,13.9130434783
48.8888888889,49.2592592593,46.6666666667,44.4444444444,42.2222222222,31.4814814815,16.6666666667
49.5,50.0,48.0,47.0,39.0,34.5,18.0
43.3333333333,43.75,43.3333333333,42.5,36.6666666667,31.6666666667,17.0833333333
48.0,47.6666666667,44.0,41.6666666667,37.6666666667,31.6666666667,18.3333333333
49.5,47.0,46.5,45.5,40.5,36.5,15.0
49.5,48.0,46.0,41.0,39.0,34.0,21.0
48.6956521739,49.1304347826,47.8260869565,44.7826086957,42.6086956522,32.6086956522,16.0869565217
44.8,43.2,42.8,42.0,36.0,33.6,16.4
49.6,46.8,44.0,42.4,40.4,35.6,20.0
49.6296296296,49.2592592593,45.1851851852,43.3333333333,40.3703703704,37.4074074074,17.037037037
50.0,49.5652173913,48.6956521739,46.0869565217,42.1739130435,36.9565217391,18.6956521739
46.25,45.0,45.625,42.5,40.0,35.625,30.0
44.4,43.6,43.6,41.6,39.6,30.0,15.6
48.4210526316,47.8947368421,45.2631578947,44.7368421053,40.5263157895,36.8421052632,25.2631578947
46.4,46.4,42.0,39.2,38.4,27.2,19.2
46.5517241379,46.8965517241,43.7931034483,38.6206896552,36.8965517241,30.6896551724,16.8965517241
49.4117647059,49.4117647059,47.0588235294,43.5294117647,40.0,34.1176470588,25.2941176471
44.1666666667,42.9166666667,42.5,41.6666666667,36.6666666667,32.0833333333,17.5
45.2173913043,43.0434782609,40.8695652174,36.0869565217,33.9130434783,27.8260869565,12.6086956522
47.8947368421,46.8421052632,44.7368421053,43.1578947368,40.5263157895,35.2631578947,26.3157894737
46.0,45.2,42.8,38.8,37.2,34.0,17.6
47.0588235294,46.4705882353,46.4705882353,44.1176470588,41.7647058824,37.0588235294,24.1176470588
48.9655172414,47.2413793103,42.0689655172,40.6896551724,38.275862069,32.7586206897,18.275862069
47.6470588235,44.7058823529,44.7058823529,41.7647058824,39.4117647059,34.7058823529,25.2941176471
47.0588235294,46.4705882353,47.0588235294,41.7647058824,41.1764705882,34.1176470588,18.8235294118
50.0,49.1666666667,48.3333333333,47.5,47.5,44.1666666667,30.8333333333
46.8,46.8,43.6,40.4,37.6,29.2,18.8
49.5833333333,46.6666666667,44.5833333333,40.8333333333,40.0,33.3333333333,20.0
45.5555555556,43.3333333333,41.6666666667,42.7777777778,38.3333333333,35.0,28.8888888889
46.875,46.875,44.375,45.0,41.875,39.375,25.0
45.2941176471,45.2941176471,45.2941176471,41.7647058824,39.4117647059,35.2941176471,18.8235294118
48.6956521739,46.5217391304,44.7826086957,43.4782608696,42.1739130435,30.0,16.5217391304
47.037037037,47.037037037,42.5925925926,42.2222222222,37.7777777778,35.9259259259,17.7777777778
50.0,48.5,48.5,47.5,40.5,36.0,23.0
47.7777777778,48.3333333333,45.0,40.5555555556,41.6666666667,35.0,23.3333333333
47.5,46.875,46.25,44.375,44.375,38.125,29.375
45.0,46.25,43.75,41.6666666667,36.25,31.25,17.9166666667
49.5652173913,47.3913043478,45.652173913,46.5217391304,40.0,31.7391304348,15.2173913043
48.8,47.6,44.0,41.6,38.8,30.0,18.4
46.7857142857,46.0714285714,44.6428571429,40.0,37.8571428571,34.6428571429,18.2142857143
46.25,45.8333333333,42.9166666667,41.25,37.5,32.5,17.0833333333
46.4285714286,46.4285714286,45.3571428571,41.7857142857,38.9285714286,34.6428571429,20.7142857143
45.3846153846,43.8461538462,41.9230769231,40.3846153846,37.3076923077,31.1538461538,17.3076923077
47.0833333333,46.6666666667,45.0,41.6666666667,39.5833333333,30.0,15.0
48.2352941176,48.2352941176,47.0588235294,40.0,40.0,36.4705882353,25.8823529412
47.8947368421,47.3684210526,45.2631578947,43.6842105263,43.1578947368,36.3157894737,25.2631578947
44.0909090909,44.0909090909,40.4545454545,39.5454545455,35.9090909091,30.9090909091,15.4545454545
46.4285714286,44.6428571429,44.2857142857,43.2142857143,38.5714285714,31.4285714286,17.5
47.7777777778,48.3333333333,46.6666666667,39.4444444444,38.3333333333,30.5555555556,22.2222222222
48.8888888889,46.6666666667,43.3333333333,44.0740740741,40.0,32.2222222222,19.2592592593
47.2222222222,47.2222222222,43.3333333333,40.5555555556,40.0,37.2222222222,27.7777777778
44.4444444444,42.5925925926,41.1111111111,38.8888888889,34.8148148148,30.7407407407,17.037037037
50.0,48.3333333333,50.0,45.0,46.6666666667,42.5,31.6666666667
44.6153846154,44.2307692308,41.5384615385,40.0,38.4615384615,30.3846153846,14.6153846154
45.7894736842,45.2631578947,45.7894736842,42.1052631579,41.0526315789,33.6842105263,18.4210526316
46.6666666667,45.0,43.75,40.4166666667,36.25,32.5,17.9166666667
48.2352941176,47.6470588235,47.0588235294,45.2941176471,40.0,32.9411764706,21.7647058824
50.0,50.0,49.375,48.75,45.0,35.625,20.0
46.6666666667,47.619047619,42.8571428571,41.9047619048,40.0,35.2380952381,20.4761904762
44.5833333333,44.1666666667,41.6666666667,42.0833333333,37.9166666667,31.25,19.1666666667
50.0,49.375,46.875,48.125,46.25,41.25,20.0
46.3636363636,46.8181818182,42.2727272727,40.0,33.1818181818,30.9090909091,11.8181818182
49.5833333333,48.3333333333,44.5833333333,40.8333333333,41.6666666667,30.8333333333,20.0
47.8947368421,47.8947368421,46.3157894737,46.3157894737,43.1578947368,37.8947368421,26.3157894737
47.6470588235,45.8823529412,44.1176470588,43.5294117647,40.5882352941,35.2941176471,26.4705882353
47.6470588235,46.4705882353,45.2941176471,43.5294117647,40.0,38.8235294118,27.6470588235
48.4,48.8,47.2,44.0,40.8,32.4,22.0
50.0,48.75,48.75,45.0,42.5,41.25,23.125
48.75,47.9166666667,47.0833333333,44.5833333333,40.8333333333,37.9166666667,17.5
48.4,47.6,43.6,42.0,37.6,34.4,18.0
45.5555555556,45.0,41.6666666667,38.3333333333,33.3333333333,30.5555555556,19.4444444444
48.3333333333,46.6666666667,44.1666666667,40.4166666667,37.9166666667,32.0833333333,21.25
48.4210526316,47.3684210526,45.7894736842,44.2105263158,40.0,38.4210526316,27.8947368421
46.875,47.5,45.625,40.0,40.0,35.0,25.625
48.9285714286,46.0714285714,45.0,43.5714285714,39.2857142857,32.8571428571,20.0
46.1538461538,44.2307692308,43.4615384615,38.8461538462,35.7692307692,31.1538461538,14.2307692308
45.3846153846,41.9230769231,41.1538461538,37.6923076923,32.6923076923,25.0,11.5384615385
50.0,50.0,49.0909090909,50.0,45.4545454545,40.0,30.0
47.2,46.4,44.0,40.8,38.0,28.8,14.4
48.9285714286,48.5714285714,43.5714285714,40.0,40.0,32.5,18.2142857143
48.125,47.5,46.25,41.875,40.0,38.125,28.75
48.8,48.8,46.8,44.4,39.6,28.0,14.4
48.125,47.5,46.25,41.875,40.0,38.125,28.75
47.5,47.5,43.75,41.875,39.375,35.0,26.875
50.0,50.0,49.0909090909,48.1818181818,48.1818181818,40.0,28.1818181818
47.5862068966,45.8620689655,43.1034482759,40.0,38.6206896552,31.724137931,16.8965517241
44.5833333333,43.3333333333,42.0833333333,37.0833333333,35.0,27.5,10.8333333333
48.4210526316,48.4210526316,48.4210526316,44.7368421053,43.1578947368,38.9473684211,24.7368421053
50.0,47.0833333333,44.5833333333,39.1666666667,37.9166666667,34.1666666667,19.1666666667
47.037037037,46.2962962963,44.4444444444,39.6296296296,36.6666666667,29.6296296296,11.4814814815
49.5238095238,49.0476190476,47.619047619,45.7142857143,42.380952381,39.0476190476,19.5238095238
48.2142857143,49.2857142857,45.3571428571,45.3571428571,40.3571428571,32.8571428571,19.6428571429
49.5652173913,48.2608695652,46.0869565217,44.347826087,38.6956521739,38.6956521739,19.5652173913
48.2142857143,47.5,44.2857142857,42.1428571429,38.2142857143,33.2142857143,19.6428571429
48.4210526316,47.3684210526,45.7894736842,40.5263157895,37.8947368421,33.1578947368,23.1578947368
47.8947368421,48.4210526316,46.3157894737,47.3684210526,43.6842105263,37.8947368421,27.8947368421
50.0,48.7096774194,47.4193548387,43.5483870968,40.9677419355,33.8709677419,19.6774193548
48.2352941176,47.0588235294,45.2941176471,42.9411764706,41.7647058824,38.2352941176,25.8823529412
48.0769230769,48.0769230769,45.3846153846,41.5384615385,39.2307692308,35.0,18.4615384615
46.875,46.875,46.875,40.625,38.75,39.375,20.625
46.0,45.6,44.4,40.8,36.4,30.4,14.0
45.5555555556,45.0,41.1111111111,37.2222222222,36.6666666667,34.4444444444,21.6666666667
41.875,41.25,40.0,38.75,36.875,30.0,19.375
50.0,50.0,46.0,46.6666666667,44.0,37.3333333333,21.3333333333
48.0,48.4,48.0,43.6,39.2,32.4,15.2
49.5652173913,48.6956521739,48.6956521739,44.347826087,41.7391304348,31.3043478261,16.9565217391
50.0,49.3333333333,47.3333333333,46.6666666667,47.3333333333,38.6666666667,22.0
49.5833333333,48.75,45.0,42.0833333333,40.8333333333,30.8333333333,17.9166666667
45.8333333333,45.0,43.75,40.8333333333,37.5,32.0833333333,18.3333333333
49.4736842105,48.9473684211,46.3157894737,43.6842105263,43.1578947368,36.3157894737,27.8947368421
45.8333333333,45.0,43.3333333333,40.8333333333,37.9166666667,30.8333333333,15.8333333333
48.9655172414,45.5172413793,44.4827586207,40.6896551724,38.6206896552,33.7931034483,16.5517241379
50.0,49.375,48.75,46.875,45.0,38.75,22.5
46.8,47.2,45.2,40.4,34.4,30.0,18.8
42.8,42.8,41.2,37.2,36.4,30.8,16.4
45.7692307692,45.0,42.3076923077,37.6923076923,38.4615384615,30.7692307692,17.6923076923
49.6666666667,46.3333333333,46.0,43.0,37.3333333333,31.3333333333,18.3333333333
47.5,46.4285714286,42.8571428571,42.8571428571,39.6428571429,33.2142857143,17.5
47.0588235294,45.8823529412,45.2941176471,41.7647058824,38.8235294118,35.8823529412,24.7058823529
47.8947368421,47.3684210526,45.2631578947,41.5789473684,37.8947368421,40.0,25.7894736842
48.8235294118,49.4117647059,44.7058823529,45.2941176471,37.6470588235,35.8823529412,22.9411764706
49.2592592593,46.6666666667,45.5555555556,44.0740740741,40.0,34.8148148148,17.7777777778
47.7272727273,44.0909090909,44.0909090909,38.1818181818,34.0909090909,25.4545454545,14.0909090909
44.2307692308,44.2307692308,43.4615384615,38.0769230769,33.4615384615,28.8461538462,15.3846153846
50.0,49.4117647059,48.8235294118,45.2941176471,44.1176470588,40.5882352941,22.3529411765
45.2941176471,43.5294117647,43.5294117647,40.5882352941,38.8235294118,38.2352941176,28.8235294118
48.5714285714,47.1428571429,47.1428571429,42.1428571429,40.0,35.0,20.3571428571
45.0,46.25,43.75,39.5833333333,36.25,29.1666666667,20.0
48.5,47.0,44.5,39.0,38.5,35.0,23.0
49.5238095238,49.0476190476,45.7142857143,42.380952381,42.380952381,36.6666666667,18.5714285714
46.5517241379,46.2068965517,45.5172413793,41.724137931,38.275862069,33.1034482759,19.6551724138
50.0,49.6296296296,47.037037037,41.8518518519,42.2222222222,35.9259259259,19.6296296296
44.5833333333,45.0,42.9166666667,40.0,38.75,32.5,17.9166666667
49.2307692308,47.6923076923,46.9230769231,43.4615384615,39.6153846154,30.0,15.0
50.0,49.0,47.0,45.0,41.0,37.0,20.0
45.2941176471,44.7058823529,45.2941176471,41.7647058824,41.1764705882,34.7058823529,20.5882352941
47.2727272727,46.8181818182,43.1818181818,42.2727272727,38.6363636364,31.3636363636,14.5454545455
44.1176470588,44.1176470588,43.5294117647,42.3529411765,38.8235294118,32.3529411765,20.0
44.6428571429,44.6428571429,41.4285714286,34.6428571429,30.7142857143,23.5714285714,11.0714285714
49.0476190476,49.0476190476,45.2380952381,42.8571428571,41.4285714286,34.2857142857,22.8571428571
42.3529411765,41.1764705882,41.1764705882,39.4117647059,33.5294117647,32.3529411765,20.0
48.0,46.4,45.6,43.2,36.4,30.0,14.0
49.6296296296,48.8888888889,48.1481481481,44.8148148148,39.6296296296,37.037037037,19.6296296296
47.8947368421,47.8947368421,45.2631578947,42.6315789474,39.4736842105,35.7894736842,26.3157894737
47.8947368421,47.8947368421,44.7368421053,42.6315789474,37.8947368421,35.2631578947,22.6315789474
50.0,48.75,46.25,45.0,41.875,38.75,21.25
46.9565217391,46.5217391304,45.2173913043,40.8695652174,39.5652173913,30.4347826087,14.7826086957
47.6923076923,47.6923076923,44.6153846154,41.9230769231,38.0769230769,29.6153846154,13.0769230769
48.8888888889,48.5185185185,45.9259259259,43.7037037037,44.4444444444,35.1851851852,18.8888888889
47.4074074074,47.7777777778,45.1851851852,42.5925925926,38.8888888889,32.2222222222,18.5185185185
48.75,46.25,45.0,41.25,37.9166666667,29.5833333333,14.1666666667
50.0,50.0,48.125,45.625,40.625,38.125,26.25
48.2352941176,45.8823529412,43.5294117647,40.5882352941,38.8235294118,37.0588235294,25.2941176471
48.75,48.3333333333,42.0833333333,41.25,36.6666666667,31.25,18.75
48.75,50.0,45.0,45.625,42.5,39.375,21.25
49.0476190476,48.0952380952,47.619047619,43.8095238095,38.5714285714,32.8571428571,22.380952381
47.7777777778,45.1851851852,45.9259259259,38.5185185185,38.8888888889,33.7037037037,17.4074074074
44.8,41.6,42.0,40.0,36.8,33.2,17.6
50.0,50.0,47.5,45.625,43.125,37.5,21.875
47.0833333333,47.0833333333,45.0,42.0833333333,36.6666666667,30.4166666667,15.0
49.6296296296,48.1481481481,46.2962962963,42.5925925926,40.0,34.0740740741,18.5185185185
45.5555555556,45.5555555556,45.5555555556,41.6666666667,40.5555555556,33.3333333333,19.4444444444
47.3333333333,48.0,46.6666666667,44.6666666667,39.3333333333,32.0,20.6666666667
46.6666666667,47.7777777778,45.1851851852,41.4814814815,40.3703703704,32.5925925926,20.3703703704
49.5652173913,49.1304347826,47.8260869565,43.0434782609,40.8695652174,31.7391304348,13.9130434783
46.4705882353,46.4705882353,42.9411764706,38.2352941176,38.2352941176,31.1764705882,23.5294117647
50.0,49.5833333333,47.5,44.5833333333,41.6666666667,32.5,18.75
44.6153846154,43.4615384615,43.0769230769,40.0,37.6923076923,31.9230769231,16.9230769231
49.2857142857,46.4285714286,45.0,42.1428571429,37.8571428571,33.5714285714,20.0
47.0588235294,45.8823529412,46.4705882353,40.0,39.4117647059,37.0588235294,25.8823529412
49.6296296296,49.2592592593,45.9259259259,42.962962963,37.4074074074,34.0740740741,20.7407407407
49.5,48.5,46.0,45.5,42.5,36.5,18.5
48.75,48.3333333333,43.75,42.9166666667,39.5833333333,31.6666666667,18.75
47.0588235294,46.4705882353,43.5294117647,41.7647058824,40.5882352941,35.2941176471,19.4117647059
47.0,43.6666666667,42.3333333333,39.6666666667,38.3333333333,31.3333333333,16.6666666667
50.0,47.5,47.5,42.5,37.9166666667,31.6666666667,19.1666666667
48.125,47.5,45.625,40.0,40.0,34.375,23.125
45.0,44.1666666667,42.9166666667,42.5,38.75,32.0833333333,18.3333333333
48.9655172414,45.5172413793,46.5517241379,41.724137931,39.3103448276,35.5172413793,18.275862069
49.2592592593,48.8888888889,46.6666666667,45.1851851852,39.6296296296,37.4074074074,17.7777777778
48.0,45.6,44.0,41.6,38.4,34.4,20.0
47.037037037,45.1851851852,45.9259259259,43.7037037037,42.2222222222,34.4444444444,17.7777777778
47.8571428571,46.4285714286,41.4285714286,41.7857142857,35.3571428571,33.2142857143,20.0
46.5384615385,45.7692307692,45.0,42.6923076923,41.5384615385,38.0769230769,18.0769230769
49.2592592593,47.4074074074,47.4074074074,45.1851851852,40.3703703704,33.7037037037,19.6296296296
48.5185185185,48.5185185185,43.7037037037,39.2592592593,39.2592592593,32.962962963,18.5185185185
47.6470588235,45.8823529412,45.2941176471,41.1764705882,36.4705882353,31.1764705882,24.1176470588
48.75,48.3333333333,43.75,41.25,37.0833333333,30.8333333333,22.0833333333
48.1481481481,48.1481481481,45.1851851852,43.7037037037,41.4814814815,35.5555555556,19.6296296296
46.0,46.4,42.0,38.4,34.8,29.2,19.6
47.6923076923,48.0769230769,46.1538461538,42.3076923077,38.0769230769,33.8461538462,15.0
46.6666666667,45.9259259259,44.4444444444,39.6296296296,35.9259259259,29.6296296296,14.0740740741
48.3333333333,49.5833333333,48.3333333333,43.3333333333,38.3333333333,31.6666666667,15.8333333333
48.8888888889,47.037037037,44.0740740741,42.962962963,40.3703703704,30.7407407407,18.5185185185
47.2,46.0,42.0,37.6,35.6,30.4,19.2
46.25,45.8333333333,44.1666666667,42.9166666667,37.9166666667,34.1666666667,17.9166666667
48.4615384615,48.0769230769,43.8461538462,39.2307692308,36.1538461538,33.0769230769,16.9230769231
48.2142857143,47.5,44.6428571429,44.2857142857,39.6428571429,32.1428571429,19.2857142857
47.3076923077,45.3846153846,42.6923076923,40.0,38.4615384615,28.8461538462,13.8461538462
42.9166666667,44.1666666667,42.5,39.1666666667,37.5,31.6666666667,16.6666666667
50.0,50.0,50.0,49.0909090909,45.4545454545,43.6363636364,30.0
46.2962962963,44.0740740741,42.5925925926,40.7407407407,38.8888888889,32.5925925926,17.4074074074
45.0,43.4615384615,41.9230769231,39.2307692308,35.0,30.3846153846,16.9230769231
47.6,46.0,44.0,43.2,40.8,28.8,18.4
48.3333333333,48.3333333333,43.3333333333,40.0,40.0,32.2222222222,22.7777777778
46.5384615385,46.9230769231,44.6153846154,42.6923076923,38.4615384615,28.8461538462,13.0769230769
49.6296296296,48.1481481481,46.2962962963,41.4814814815,40.3703703704,33.3333333333,18.8888888889
46.4,46.0,43.6,39.2,34.4,29.2,10.8
48.4210526316,47.8947368421,45.7894736842,43.1578947368,39.4736842105,34.2105263158,21.0526315789
49.2857142857,48.2142857143,45.7142857143,41.7857142857,41.0714285714,35.0,19.2857142857
45.0,43.1818181818,42.7272727273,38.1818181818,36.3636363636,27.7272727273,13.1818181818
47.8947368421,47.3684210526,46.8421052632,45.7894736842,44.2105263158,38.4210526316,25.7894736842
43.5294117647,42.9411764706,42.9411764706,42.3529411765,40.5882352941,35.8823529412,20.0
45.2941176471,45.2941176471,45.2941176471,39.4117647059,38.2352941176,31.1764705882,20.5882352941
44.1176470588,44.1176470588,43.5294117647,41.7647058824,39.4117647059,33.5294117647,22.3529411765
41.6666666667,41.6666666667,41.1111111111,40.5555555556,37.7777777778,35.5555555556,19.4444444444
46.4705882353,47.0588235294,45.8823529412,41.7647058824,40.0,39.4117647059,26.4705882353
45.5555555556,45.5555555556,43.3333333333,40.0,38.3333333333,34.4444444444,27.7777777778
48.6206896552,47.2413793103,45.8620689655,41.724137931,40.6896551724,36.8965517241,20.0
47.0588235294,45.8823529412,43.5294117647,41.7647058824,41.7647058824,35.2941176471,24.7058823529
46.1538461538,45.7692307692,45.3846153846,41.5384615385,40.3846153846,31.5384615385,16.9230769231
49.4117647059,48.8235294118,47.6470588235,44.1176470588,42.3529411765,38.8235294118,17.6470588235
46.8421052632,46.8421052632,44.7368421053,39.4736842105,35.2631578947,34.7368421053,26.8421052632
45.3846153846,44.2307692308,45.0,38.8461538462,37.6923076923,35.3846153846,17.3076923077
48.4210526316,47.8947368421,44.7368421053,42.1052631579,41.5789473684,37.8947368421,25.7894736842
47.8947368421,47.3684210526,45.2631578947,41.5789473684,38.9473684211,34.7368421053,23.6842105263
49.0476190476,48.5714285714,47.1428571429,41.9047619048,42.8571428571,34.2857142857,20.4761904762
48.125,46.25,43.4375,41.5625,36.25,33.125,15.625
49.2,48.0,45.2,42.8,40.0,35.2,18.8
47.2,42.8,44.0,41.2,34.4,29.6,19.2
47.3076923077,46.1538461538,44.2307692308,43.0769230769,36.9230769231,30.3846153846,12.6923076923
48.6956521739,48.2608695652,43.4782608696,43.4782608696,42.1739130435,36.0869565217,21.3043478261
45.4166666667,45.0,43.75,40.4166666667,38.3333333333,30.4166666667,17.9166666667
47.8947368421,47.8947368421,47.8947368421,42.6315789474,40.5263157895,38.4210526316,26.3157894737
43.75,44.1666666667,42.9166666667,40.8333333333,37.5,32.0833333333,16.25
47.8947368421,47.8947368421,43.1578947368,42.1052631579,37.3684210526,36.3157894737,27.3684210526
47.7777777778,45.1851851852,44.4444444444,42.5925925926,37.4074074074,34.4444444444,17.7777777778
48.5714285714,47.1428571429,45.2380952381,42.380952381,39.5238095238,40.0,25.2380952381
48.0769230769,48.8461538462,46.1538461538,42.3076923077,40.7692307692,31.9230769231,20.7692307692
48.4210526316,46.3157894737,45.7894736842,42.1052631579,37.8947368421,37.3684210526,23.6842105263
46.6666666667,46.6666666667,42.5925925926,37.4074074074,33.7037037037,28.5185185185,14.0740740741
47.5,45.0,44.5833333333,40.8333333333,37.0833333333,33.3333333333,17.9166666667
48.125,46.25,45.625,43.75,43.125,38.125,28.125
45.8333333333,44.5833333333,43.75,42.9166666667,37.0833333333,32.5,17.9166666667
48.8,46.8,44.8,40.4,38.8,34.8,21.6
46.25,45.8333333333,43.75,42.0833333333,36.6666666667,31.25,18.3333333333
49.1666666667,47.9166666667,47.0833333333,42.5,41.25,35.0,19.1666666667
49.3333333333,49.3333333333,46.6666666667,46.6666666667,45.3333333333,35.3333333333,20.6666666667
47.6923076923,48.4615384615,42.6923076923,42.3076923077,39.2307692308,30.3846153846,18.8461538462
47.6,47.6,46.4,43.2,38.8,32.4,14.8
48.2352941176,47.0588235294,45.8823529412,42.9411764706,43.5294117647,38.2352941176,26.4705882353
50.0,48.75,45.625,45.625,42.5,36.875,25.0
47.6470588235,47.6470588235,45.8823529412,42.9411764706,40.0,34.7058823529,25.8823529412
47.0588235294,45.8823529412,46.4705882353,45.2941176471,40.0,33.5294117647,27.0588235294
47.0967741935,46.7741935484,45.4838709677,40.0,39.0322580645,31.6129032258,17.4193548387
45.0,44.2307692308,41.9230769231,37.3076923077,35.7692307692,28.8461538462,13.4615384615
49.5833333333,47.0833333333,43.75,41.6666666667,38.75,32.9166666667,20.0
49.6296296296,48.8888888889,49.2592592593,45.1851851852,38.5185185185,38.1481481481,18.5185185185
44.1666666667,44.5833333333,43.75,39.1666666667,38.75,31.25,17.9166666667
48.0,48.0,46.0,44.6666666667,42.0,35.3333333333,20.0
47.5,46.25,45.625,40.0,38.125,33.125,26.25
44.1176470588,44.7058823529,43.5294117647,40.0,39.4117647059,36.4705882353,27.6470588235
43.125,43.125,43.75,40.625,39.375,33.125,19.375
48.0952380952,49.0476190476,44.7619047619,42.380952381,39.5238095238,31.9047619048,18.5714285714
49.6296296296,48.8888888889,45.5555555556,40.3703703704,38.8888888889,32.5925925926,17.4074074074
47.8947368421,47.3684210526,45.2631578947,44.7368421053,42.6315789474,36.8421052632,22.1052631579
45.4166666667,45.0,43.75,42.0833333333,37.9166666667,29.5833333333,13.75
49.6875,48.75,44.6875,43.125,40.9375,33.125,16.25
43.75,43.75,41.875,42.5,36.875,33.125,20.0
42.3529411765,41.7647058824,40.5882352941,39.4117647059,35.8823529412,31.7647058824,19.4117647059
46.6666666667,45.4166666667,43.3333333333,41.6666666667,37.9166666667,30.0,22.0833333333
44.1176470588,44.1176470588,44.1176470588,41.7647058824,40.5882352941,35.2941176471,19.4117647059
48.0769230769,48.0769230769,47.6923076923,41.5384615385,38.8461538462,32.6923076923,12.3076923077
50.0,50.0,48.6666666667,46.6666666667,46.0,39.3333333333,20.0
45.8333333333,45.4166666667,43.75,42.0833333333,36.6666666667,30.4166666667,17.9166666667
50.0,48.8461538462,46.9230769231,46.1538461538,42.6923076923,32.3076923077,19.2307692308
50.0,49.5833333333,47.0833333333,44.1666666667,42.9166666667,37.0833333333,20.4166666667
45.8620689655,45.8620689655,43.1034482759,41.724137931,37.2413793103,32.7586206897,18.275862069
46.5384615385,46.1538461538,43.4615384615,41.1538461538,37.6923076923,35.0,16.1538461538
42.3529411765,42.3529411765,42.3529411765,40.0,38.2352941176,32.9411764706,20.0
47.8947368421,47.3684210526,46.8421052632,43.6842105263,40.5263157895,35.7894736842,27.8947368421
47.9310344828,46.8965517241,46.8965517241,42.7586206897,40.0,34.8275862069,18.275862069
47.5,46.25,43.75,39.1666666667,34.5833333333,25.8333333333,13.75
47.037037037,47.037037037,43.7037037037,42.5925925926,38.8888888889,32.962962963,18.1481481481
50.0,49.0909090909,48.1818181818,49.0909090909,46.3636363636,38.1818181818,32.7272727273
46.8965517241,47.9310344828,43.4482758621,40.6896551724,38.275862069,32.4137931034,19.3103448276
47.5,46.25,46.875,41.25,40.0,35.625,27.5
49.2307692308,47.3076923077,44.2307692308,39.2307692308,39.2307692308,31.9230769231,19.6153846154
48.9285714286,46.4285714286,45.7142857143,41.7857142857,38.9285714286,32.5,17.8571428571
50.0,49.4117647059,45.8823529412,41.7647058824,42.9411764706,34.7058823529,20.0
47.8260869565,47.8260869565,44.7826086957,42.6086956522,40.0,31.3043478261,15.2173913043
43.75,43.75,42.0833333333,40.0,37.0833333333,31.6666666667,16.25
50.0,48.8461538462,45.7692307692,43.8461538462,40.3846153846,33.8461538462,20.0
48.9285714286,48.9285714286,46.0714285714,42.5,42.5,32.1428571429,20.7142857143
49.5833333333,50.0,45.4166666667,43.3333333333,40.4166666667,34.1666666667,19.1666666667
45.2941176471,44.7058823529,44.1176470588,43.5294117647,40.5882352941,37.6470588235,31.1764705882
47.037037037,45.1851851852,44.4444444444,43.7037037037,37.7777777778,33.3333333333,18.8888888889
47.6923076923,46.9230769231,46.1538461538,43.0769230769,41.9230769231,31.5384615385,14.2307692308
49.5833333333,47.5,46.25,42.5,37.9166666667,31.6666666667,19.1666666667
47.619047619,46.6666666667,45.2380952381,41.4285714286,38.5714285714,31.9047619048,20.0
47.0833333333,47.0833333333,44.5833333333,40.8333333333,40.4166666667,32.0833333333,14.1666666667
50.0,50.0,47.5,45.625,45.0,36.875,23.125
46.8421052632,46.8421052632,45.7894736842,40.0,38.4210526316,30.5263157895,24.2105263158
49.2592592593,49.6296296296,45.9259259259,40.7407407407,39.2592592593,32.5925925926,18.8888888889
50.0,50.0,50.0,47.6923076923,46.9230769231,43.0769230769,27.6923076923
49.6,49.2,47.6,43.6,40.8,30.0,15.2
47.5,47.1428571429,45.0,42.5,41.4285714286,33.5714285714,21.4285714286
48.6956521739,47.8260869565,47.8260869565,46.9565217391,42.6086956522,36.5217391304,20.0
47.5,46.6666666667,45.0,44.1666666667,37.9166666667,32.9166666667,15.8333333333
49.1304347826,48.2608695652,46.9565217391,43.4782608696,40.0,33.4782608696,16.0869565217
44.1666666667,43.75,43.3333333333,40.0,37.0833333333,33.3333333333,15.0
46.4,46.8,43.2,40.0,37.6,32.8,14.8
46.6666666667,44.5833333333,42.9166666667,42.0833333333,39.5833333333,32.0833333333,16.6666666667
49.1666666667,47.9166666667,46.25,43.3333333333,38.75,31.6666666667,15.4166666667
42.9166666667,44.1666666667,42.5,39.1666666667,37.5,31.6666666667,16.6666666667
48.8,49.2,46.8,41.2,41.2,34.8,21.2
46.3157894737,47.8947368421,45.7894736842,41.0526315789,41.5789473684,35.7894736842,26.3157894737
47.0588235294,47.0588235294,46.4705882353,41.7647058824,38.8235294118,37.0588235294,18.2352941176
45.8823529412,44.7058823529,44.7058823529,41.1764705882,42.9411764706,35.8823529412,27.6470588235
47.0,47.0,45.5,36.5,35.0,32.5,21.5
44.6666666667,44.0,44.0,42.0,38.6666666667,34.6666666667,20.6666666667
47.2727272727,46.3636363636,44.5454545455,40.9090909091,40.0,31.8181818182,15.0
48.125,47.5,46.25,41.875,40.0,38.125,28.75
50.0,50.0,48.75,45.0,43.125,40.0,22.5
50.0,49.3333333333,48.6666666667,48.6666666667,46.0,40.6666666667,22.6666666667
49.1666666667,47.5,45.4166666667,42.9166666667,36.25,32.0833333333,17.0833333333
50.0,48.5714285714,46.4285714286,44.2857142857,41.0714285714,35.0,20.0
45.3846153846,44.6153846154,42.6923076923,41.1538461538,38.8461538462,31.9230769231,17.3076923077
49.1666666667,46.6666666667,44.1666666667,39.1666666667,37.5,33.75,19.1666666667
50.0,50.0,49.0909090909,50.0,49.0909090909,44.5454545455,30.9090909091
45.0,44.375,43.125,42.5,38.125,33.125,18.75
47.8947368421,46.3157894737,46.3157894737,43.6842105263,41.0526315789,34.7368421053,25.2631578947
45.5555555556,44.4444444444,42.7777777778,37.7777777778,37.2222222222,30.5555555556,17.7777777778
47.8947368421,46.8421052632,43.6842105263,41.0526315789,40.5263157895,38.4210526316,27.3684210526
48.75,47.0833333333,45.8333333333,43.3333333333,36.25,30.0,17.9166666667
47.7777777778,47.2222222222,44.4444444444,42.7777777778,38.8888888889,35.5555555556,22.2222222222
44.7368421053,44.2105263158,43.6842105263,41.5789473684,38.4210526316,30.5263157895,20.5263157895
44.6153846154,43.8461538462,42.3076923077,38.8461538462,36.5384615385,32.6923076923,17.6923076923
50.0,50.0,48.75,47.5,46.25,40.0,19.375
47.3333333333,48.0,46.6666666667,44.6666666667,39.3333333333,32.6666666667,19.3333333333
47.0,44.5,44.0,39.0,38.5,33.5,22.0
45.6,44.8,44.4,39.6,36.8,29.6,14.4
47.7777777778,45.9259259259,46.2962962963,43.3333333333,37.4074074074,33.3333333333,17.7777777778
50.0,50.0,50.0,50.0,49.0909090909,44.5454545455,32.7272727273
46.9565217391,46.9565217391,44.7826086957,40.4347826087,39.1304347826,30.4347826087,14.7826086957
49.6666666667,48.3333333333,46.3333333333,41.0,41.0,35.0,18.6666666667
48.75,48.75,46.875,45.625,40.625,35.625,21.25
48.8888888889,47.7777777778,46.6666666667,42.7777777778,40.0,38.3333333333,25.5555555556
46.3157894737,46.8421052632,43.6842105263,40.0,40.5263157895,32.6315789474,24.7368421053
47.3684210526,45.7894736842,44.2105263158,42.6315789474,40.0,36.3157894737,27.8947368421
49.3103448276,48.275862069,44.8275862069,43.4482758621,38.6206896552,35.1724137931,18.6206896552
47.7777777778,47.4074074074,46.2962962963,40.7407407407,38.5185185185,32.962962963,17.4074074074
45.2941176471,45.2941176471,44.7058823529,42.9411764706,37.6470588235,34.1176470588,20.5882352941
44.1176470588,44.1176470588,42.3529411765,40.0,37.0588235294,32.9411764706,16.4705882353
49.2592592593,47.4074074074,45.9259259259,41.4814814815,41.1111111111,32.962962963,18.5185185185
48.4210526316,47.8947368421,45.2631578947,43.1578947368,41.0526315789,33.6842105263,23.6842105263
44.6666666667,44.6666666667,44.0,42.6666666667,38.6666666667,33.3333333333,20.6666666667
47.5,47.5,45.0,41.6666666667,37.5,31.6666666667,20.4166666667
47.037037037,47.037037037,43.7037037037,42.5925925926,38.8888888889,32.962962963,18.1481481481
49.0909090909,47.2727272727,45.4545454545,42.7272727273,42.2727272727,30.0,15.9090909091
45.8333333333,44.5833333333,42.0833333333,38.75,37.5,30.8333333333,15.4166666667
44.5833333333,42.5,41.6666666667,39.5833333333,38.3333333333,31.6666666667,18.75
45.1851851852,44.0740740741,40.3703703704,37.7777777778,34.0740740741,26.2962962963,11.4814814815
48.5,48.5,46.5,42.0,41.0,35.0,25.0
49.5454545455,48.6363636364,47.7272727273,41.8181818182,41.3636363636,33.6363636364,15.0
45.8333333333,45.8333333333,44.1666666667,40.0,35.8333333333,33.3333333333,17.0833333333
48.8888888889,48.5185185185,46.6666666667,44.0740740741,42.2222222222,35.9259259259,20.0
