ten,twen,threefive,fifty,sixty,sevenfive,nine
46.0,46.4,44.4,41.6,41.6,36.0,26.8
43.5714285714,43.2142857143,41.7857142857,40.3571428571,36.0714285714,32.5,18.9285714286
45.7894736842,44.7368421053,41.3157894737,38.6842105263,34.7368421053,28.4210526316,11.0526315789
47.1428571429,46.4285714286,46.7857142857,42.5,40.0,37.5,20.7142857143
43.6666666667,43.3333333333,41.6666666667,39.6666666667,35.3333333333,30.3333333333,19.0
45.5172413793,43.7931034483,42.0689655172,38.275862069,35.8620689655,31.724137931,17.2413793103
46.8965517241,46.5517241379,43.4482758621,40.6896551724,36.8965517241,32.4137931034,21.0344827586
47.1428571429,46.4285714286,45.0,42.1428571429,38.5714285714,35.0,18.5714285714
47.3529411765,46.4705882353,45.0,41.7647058824,39.4117647059,35.0,19.4117647059
49.4594594595,48.6486486486,46.2162162162,42.1621621622,40.0,33.5135135135,18.9189189189
45.8620689655,45.1724137931,44.4827586207,43.4482758621,38.275862069,35.5172413793,18.9655172414
44.7058823529,42.9411764706,41.4705882353,39.1176470588,38.5294117647,34.4117647059,18.8235294118
46.0526315789,45.7894736842,43.9473684211,39.4736842105,37.6315789474,31.5789473684,18.9473684211
42.2580645161,41.6129032258,41.2903225806,38.3870967742,35.4838709677,29.6774193548,17.0967741935
47.8378378378,47.2972972973,45.4054054054,44.3243243243,39.7297297297,33.7837837838,20.0
47.2413793103,46.5517241379,42.7586206897,41.724137931,38.6206896552,33.4482758621,20.0
48.0952380952,47.619047619,42.8571428571,41.4285714286,38.5714285714,34.2857142857,22.8571428571
48.5714285714,47.1428571429,48.0952380952,42.380952381,40.9523809524,36.6666666667,26.1904761905
47.2413793103,45.8620689655,43.7931034483,37.9310344828,38.275862069,31.3793103448,21.3793103448
48.5714285714,47.619047619,47.619047619,42.8571428571,40.9523809524,37.1428571429,24.7619047619
45.1724137931,44.8275862069,42.0689655172,38.6206896552,35.5172413793,31.724137931,17.2413793103
48.9473684211,47.3684210526,44.7368421053,44.7368421053,38.9473684211,31.5789473684,25.2631578947
44.6428571429,43.2142857143,41.7857142857,38.5714285714,35.7142857143,31.0714285714,19.6428571429
47.0,47.6666666667,44.0,40.3333333333,41.0,31.6666666667,20.3333333333
48.2857142857,45.7142857143,45.7142857143,42.5714285714,39.7142857143,33.7142857143,20.8571428571
48.6363636364,46.8181818182,45.0,38.6363636364,37.7272727273,37.2727272727,26.8181818182
45.5555555556,44.1666666667,42.2222222222,39.1666666667,33.6111111111,27.7777777778,12.5
46.0,45.4285714286,45.1428571429,41.1428571429,35.4285714286,29.1428571429,14.2857142857
49.4594594595,48.1081081081,44.0540540541,41.8918918919,38.9189189189,33.2432432432,18.9189189189
49.6296296296,49.6296296296,48.5185185185,42.2222222222,40.7407407407,35.9259259259,21.8518518519
49.2857142857,46.4285714286,45.0,42.5,40.0,33.5714285714,18.9285714286
44.375,44.6875,44.0625,42.5,39.375,33.75,19.0625
43.7931034483,43.4482758621,42.7586206897,42.0689655172,37.9310344828,33.1034482759,18.9655172414
46.7857142857,46.0714285714,45.3571428571,43.2142857143,39.6428571429,35.0,21.7857142857
46.5217391304,45.2173913043,43.0434782609,40.4347826087,39.1304347826,32.6086956522,24.347826087
46.4705882353,45.5882352941,44.7058823529,42.3529411765,40.8823529412,32.6470588235,20.5882352941
48.5714285714,46.6666666667,47.619047619,40.4761904762,40.0,31.4285714286,24.2857142857
49.6551724138,47.9310344828,45.5172413793,41.724137931,40.0,34.8275862069,20.6896551724
50.0,48.7878787879,45.7575757576,43.3333333333,41.8181818182,35.4545454545,20.6060606061
46.5517241379,45.1724137931,44.1379310345,41.3793103448,38.275862069,34.8275862069,21.0344827586
43.5714285714,43.2142857143,41.7857142857,40.3571428571,36.0714285714,32.5,18.9285714286
47.5,47.0,44.5,42.5,39.5,36.0,25.5
46.4516129032,46.4516129032,45.1612903226,42.2580645161,42.9032258065,36.1290322581,20.6451612903
48.9655172414,47.2413793103,44.4827586207,40.6896551724,40.0,33.4482758621,18.6206896552
46.8965517241,45.8620689655,41.3793103448,39.3103448276,37.5862068966,33.1034482759,19.6551724138
45.5172413793,45.5172413793,44.4827586207,43.4482758621,38.9655172414,35.8620689655,18.9655172414
48.0952380952,48.0952380952,47.1428571429,42.380952381,40.0,30.9523809524,23.3333333333
47.2972972973,46.2162162162,44.0540540541,42.4324324324,38.6486486486,34.0540540541,20.2702702703
48.3333333333,47.9166666667,47.5,44.5833333333,43.3333333333,35.8333333333,25.4166666667
47.3529411765,46.7647058824,42.3529411765,39.1176470588,38.8235294118,32.9411764706,19.1176470588
45.75,45.5,43.75,38.5,36.25,29.25,11.75
47.1428571429,44.2857142857,43.8095238095,38.0952380952,39.5238095238,32.8571428571,24.2857142857
48.75,47.0833333333,45.8333333333,42.5,40.8333333333,40.0,26.6666666667
47.0,47.0,43.6666666667,41.0,38.0,32.0,17.3333333333
43.5714285714,42.8571428571,42.8571428571,39.2857142857,36.7857142857,31.4285714286,22.1428571429
46.0869565217,44.7826086957,43.9130434783,40.8695652174,37.3913043478,34.347826087,24.7826086957
46.1538461538,45.641025641,44.1025641026,41.7948717949,37.9487179487,28.2051282051,13.5897435897
46.8965517241,45.8620689655,41.0344827586,40.0,38.9655172414,30.0,20.6896551724
45.5172413793,43.7931034483,42.0689655172,38.275862069,35.8620689655,31.724137931,17.2413793103
49.3103448276,47.9310344828,45.5172413793,42.0689655172,40.3448275862,37.9310344828,20.0
49.5,48.5,45.5,45.0,42.0,34.5,29.0
48.5,46.0,45.5,43.5,39.5,37.5,25.0
45.5172413793,44.4827586207,41.3793103448,38.275862069,35.1724137931,32.4137931034,20.6896551724
48.1818181818,47.2727272727,45.0,42.2727272727,39.5454545455,34.0909090909,23.6363636364
50.0,49.1666666667,48.75,45.0,38.75,36.6666666667,25.8333333333
48.7096774194,46.7741935484,43.8709677419,40.9677419355,39.0322580645,31.2903225806,17.0967741935
45.5172413793,45.1724137931,42.4137931034,41.0344827586,36.2068965517,31.3793103448,19.3103448276
44.4827586207,43.1034482759,41.0344827586,38.275862069,35.1724137931,30.0,19.6551724138
45.0,45.0,42.9411764706,40.0,38.5294117647,33.8235294118,21.1764705882
48.0,47.3333333333,45.6666666667,42.0,41.0,38.6666666667,18.0
46.1764705882,44.7058823529,42.9411764706,41.4705882353,39.7058823529,32.6470588235,18.5294117647
47.3333333333,45.0,40.3333333333,39.0,37.0,31.0,16.6666666667
46.0869565217,45.652173913,44.7826086957,41.7391304348,37.3913043478,33.0434782609,23.0434782609
47.4193548387,47.4193548387,45.4838709677,42.2580645161,42.5806451613,35.8064516129,20.9677419355
49.7297297297,49.4594594595,45.6756756757,42.4324324324,40.2702702703,32.4324324324,20.0
44.5161290323,44.1935483871,42.9032258065,41.935483871,40.3225806452,35.4838709677,20.0
47.5,45.8333333333,45.4166666667,42.5,40.4166666667,35.8333333333,25.0
48.3333333333,46.6666666667,45.5555555556,40.8333333333,38.8888888889,31.6666666667,19.4444444444
48.1081081081,48.1081081081,46.2162162162,42.4324324324,41.0810810811,33.5135135135,20.2702702703
47.6666666667,48.3333333333,46.0,40.0,39.0,34.0,17.3333333333
46.2068965517,46.5517241379,45.1724137931,42.0689655172,38.6206896552,33.7931034483,19.3103448276
48.4848484848,47.2727272727,44.8484848485,43.0303030303,39.3939393939,34.5454545455,18.1818181818
48.5714285714,48.5714285714,47.619047619,46.1904761905,42.8571428571,40.9523809524,28.0952380952
49.2105263158,48.6842105263,47.1052631579,41.3157894737,38.9473684211,32.1052631579,19.4736842105
45.4166666667,44.1666666667,40.8333333333,39.5833333333,35.8333333333,32.9166666667,22.0833333333
49.4117647059,49.7058823529,47.0588235294,44.4117647059,40.5882352941,35.5882352941,21.7647058824
48.2857142857,46.0,45.1428571429,40.8571428571,39.4285714286,33.4285714286,20.5714285714
45.5,44.25,42.5,39.5,35.0,26.5,13.0
49.0,49.5,45.5,43.0,40.0,33.0,24.5
49.0,47.3333333333,44.6666666667,42.0,39.3333333333,30.3333333333,18.3333333333
47.25,44.75,45.5,42.0,36.75,30.25,13.0
48.9285714286,48.5714285714,48.2142857143,45.7142857143,40.7142857143,34.6428571429,21.0714285714
48.5,47.5,47.0,40.5,41.0,37.5,24.0
49.5238095238,48.5714285714,44.7619047619,41.9047619048,38.0952380952,36.1904761905,22.380952381
46.8292682927,46.3414634146,44.6341463415,41.7073170732,38.7804878049,28.7804878049,12.6829268293
46.2068965517,45.8620689655,44.8275862069,40.6896551724,35.8620689655,30.6896551724,18.6206896552
45.5263157895,43.9473684211,42.3684210526,39.2105263158,35.5263157895,28.9473684211,10.7894736842
42.5806451613,42.5806451613,40.0,39.3548387097,35.8064516129,30.0,18.3870967742
47.5,46.7857142857,45.0,39.6428571429,38.2142857143,33.5714285714,20.3571428571
49.1666666667,48.3333333333,45.0,41.6666666667,40.2777777778,31.6666666667,20.2777777778
49.0909090909,49.3939393939,46.9696969697,42.7272727273,40.0,34.2424242424,18.7878787879
48.0,47.5,47.5,43.0,43.5,36.0,25.0
46.9444444444,46.6666666667,44.7222222222,43.0555555556,37.7777777778,32.7777777778,20.5555555556
48.0952380952,48.0952380952,46.1904761905,41.9047619048,37.619047619,36.1904761905,23.8095238095
50.0,46.3333333333,47.3333333333,42.0,38.6666666667,33.6666666667,17.3333333333
48.0555555556,47.7777777778,46.3888888889,43.8888888889,38.6111111111,35.5555555556,19.7222222222
47.7777777778,47.2222222222,44.7222222222,40.2777777778,37.7777777778,31.3888888889,20.2777777778
46.4705882353,46.7647058824,44.4117647059,42.6470588235,40.2941176471,36.1764705882,21.1764705882
47.1428571429,46.4285714286,45.7142857143,41.4285714286,39.2857142857,36.0714285714,20.7142857143
46.0714285714,45.3571428571,43.9285714286,41.0714285714,38.2142857143,30.0,25.0
47.5,46.6666666667,43.8888888889,41.3888888889,37.5,33.0555555556,18.3333333333
48.2352941176,46.4705882353,45.5882352941,42.9411764706,42.9411764706,34.1176470588,20.5882352941
50.0,49.5454545455,46.3636363636,46.8181818182,44.0909090909,38.1818181818,21.8181818182
49.0909090909,48.6363636364,48.1818181818,46.3636363636,42.2727272727,40.4545454545,22.7272727273
47.0,47.3333333333,41.6666666667,41.0,40.0,34.0,21.0
45.3571428571,45.3571428571,45.3571428571,42.1428571429,40.0,35.0,19.2857142857
47.0,45.3333333333,45.0,39.0,36.6666666667,33.6666666667,21.3333333333
46.6666666667,46.6666666667,44.1666666667,41.9444444444,36.6666666667,27.7777777778,12.2222222222
47.2413793103,46.8965517241,45.1724137931,40.0,37.5862068966,35.5172413793,19.3103448276
47.2413793103,46.2068965517,44.8275862069,41.724137931,37.9310344828,35.1724137931,21.3793103448
46.8,46.8,45.2,43.6,40.8,38.4,26.0
49.696969697,48.4848484848,48.1818181818,43.6363636364,40.9090909091,37.8787878788,21.2121212121
47.1428571429,47.7142857143,46.0,42.8571428571,40.5714285714,34.8571428571,20.2857142857
45.641025641,44.8717948718,43.0769230769,38.7179487179,37.1794871795,28.4615384615,12.8205128205
48.0769230769,45.3846153846,44.6153846154,43.4615384615,40.7692307692,34.2307692308,20.0
46.4864864865,45.6756756757,42.7027027027,41.0810810811,38.3783783784,33.5135135135,18.3783783784
45.75,43.0,43.5,38.25,37.0,27.25,12.5
47.1428571429,46.7857142857,46.4285714286,42.1428571429,40.3571428571,35.0,20.7142857143
45.25,44.75,43.0,39.75,35.0,28.5,13.0
48.0,48.0,45.4285714286,42.8571428571,41.4285714286,36.8571428571,20.5714285714
49.3103448276,47.5862068966,46.8965517241,41.724137931,41.3793103448,35.1724137931,20.0
43.8709677419,42.9032258065,40.0,39.0322580645,35.1612903226,30.3225806452,17.0967741935
48.5,45.5,46.0,41.5,39.5,37.5,26.5
49.3103448276,46.8965517241,44.4827586207,44.4827586207,39.6551724138,32.7586206897,19.6551724138
49.2857142857,46.7857142857,43.2142857143,41.7857142857,39.2857142857,32.5,22.1428571429
49.4736842105,48.4210526316,47.3684210526,43.1578947368,41.5789473684,35.2631578947,27.3684210526
44.7058823529,43.5294117647,42.3529411765,41.4705882353,39.1176470588,33.8235294118,20.0
48.5714285714,49.5238095238,46.6666666667,46.6666666667,44.2857142857,38.5714285714,26.1904761905
49.0909090909,48.7878787879,46.6666666667,43.9393939394,40.303030303,34.2424242424,20.0
48.7096774194,47.4193548387,45.4838709677,41.2903225806,37.7419354839,35.4838709677,20.3225806452
48.0,47.4285714286,47.1428571429,44.2857142857,40.8571428571,35.4285714286,20.8571428571
46.8965517241,46.5517241379,41.0344827586,38.275862069,38.275862069,32.7586206897,17.5862068966
48.9285714286,46.7857142857,44.6428571429,42.5,41.7857142857,31.7857142857,19.6428571429
48.6956521739,46.9565217391,47.8260869565,43.4782608696,40.8695652174,35.652173913,25.2173913043
48.0555555556,46.3888888889,45.8333333333,41.3888888889,40.5555555556,34.1666666667,19.4444444444
45.4054054054,44.5945945946,41.3513513514,37.8378378378,36.4864864865,28.3783783784,11.8918918919
48.4,48.0,46.8,44.0,40.4,36.4,20.4
48.6666666667,48.3333333333,43.6666666667,42.0,39.3333333333,33.3333333333,17.6666666667
50.0,47.8787878788,46.9696969697,44.5454545455,42.1212121212,33.6363636364,20.9090909091
46.7647058824,44.7058823529,43.5294117647,39.4117647059,37.6470588235,33.5294117647,18.2352941176
46.6666666667,45.5555555556,42.2222222222,41.8518518519,38.1481481481,34.4444444444,21.4814814815
42.8571428571,41.7857142857,41.7857142857,39.6428571429,36.0714285714,31.0714285714,17.8571428571
46.8181818182,45.9090909091,45.9090909091,43.1818181818,37.2727272727,35.4545454545,22.2727272727
47.5,47.5,46.5,43.0,40.0,37.0,26.0
49.7222222222,47.5,46.6666666667,42.5,40.8333333333,32.7777777778,19.7222222222
45.7142857143,44.2857142857,44.2857142857,40.5714285714,38.2857142857,34.8571428571,20.8571428571
42.5,42.1428571429,41.0714285714,40.3571428571,34.6428571429,33.5714285714,21.0714285714
45.8620689655,45.8620689655,45.1724137931,42.4137931034,38.9655172414,33.7931034483,18.6206896552
48.7878787879,47.2727272727,45.4545454545,40.6060606061,40.6060606061,35.1515151515,20.303030303
44.1935483871,43.8709677419,41.6129032258,39.3548387097,36.7741935484,30.9677419355,16.7741935484
48.6363636364,48.1818181818,47.2727272727,43.1818181818,42.2727272727,38.6363636364,26.3636363636
48.5714285714,47.8571428571,45.0,42.8571428571,38.9285714286,34.2857142857,22.1428571429
45.25,44.5,42.75,38.75,36.5,29.25,12.5
46.0,46.0,44.5714285714,41.1428571429,39.7142857143,32.8571428571,19.7142857143
47.4358974359,46.4102564103,41.5384615385,40.0,36.6666666667,28.7179487179,13.5897435897
48.75,48.3333333333,48.3333333333,44.5833333333,42.0833333333,38.75,26.6666666667
45.0,43.2142857143,44.2857142857,41.7857142857,40.7142857143,34.2857142857,18.9285714286
49.3103448276,45.5172413793,44.8275862069,44.8275862069,41.0344827586,33.1034482759,22.0689655172
48.5714285714,47.7142857143,46.5714285714,42.5714285714,40.0,34.2857142857,18.8571428571
47.0,47.5,46.0,42.0,39.0,37.0,28.5
47.3333333333,46.6666666667,42.3333333333,42.0,36.3333333333,32.6666666667,20.0
47.6666666667,46.3333333333,44.3333333333,44.0,40.6666666667,35.6666666667,20.6666666667
45.1851851852,43.7037037037,43.7037037037,41.1111111111,36.6666666667,33.3333333333,21.4814814815
48.9285714286,48.5714285714,47.8571428571,44.2857142857,40.0,35.3571428571,19.6428571429
46.5714285714,46.0,44.5714285714,42.2857142857,40.0,35.1428571429,18.8571428571
45.0,44.2857142857,43.9285714286,40.3571428571,35.7142857143,32.1428571429,20.3571428571
46.7647058824,45.5882352941,43.8235294118,41.1764705882,39.4117647059,35.0,19.1176470588
48.0952380952,48.5714285714,45.2380952381,41.9047619048,38.5714285714,34.7619047619,25.2380952381
45.75,45.0,43.75,40.25,36.25,28.5,12.25
48.0,48.0,46.0,42.5,39.5,37.0,24.0
47.1428571429,46.6666666667,45.7142857143,41.4285714286,40.0,36.1904761905,26.1904761905
49.6551724138,48.9655172414,45.1724137931,43.7931034483,41.3793103448,33.4482758621,19.6551724138
47.5,47.0,45.5,41.0,38.0,37.0,23.5
45.6666666667,46.6666666667,44.0,40.3333333333,35.0,30.0,19.0
50.0,48.5714285714,48.0952380952,47.619047619,40.9523809524,36.6666666667,26.6666666667
45.0,44.6428571429,43.9285714286,41.0714285714,37.5,29.2857142857,18.5714285714
44.75,44.5,44.0,39.5,36.75,28.75,12.75
46.9444444444,46.1111111111,46.1111111111,42.2222222222,38.8888888889,33.8888888889,18.8888888889
48.4848484848,47.8787878788,47.5757575758,43.0303030303,39.3939393939,34.2424242424,19.696969697
50.0,49.0909090909,44.8484848485,43.3333333333,42.4242424242,33.9393939394,20.303030303
49.0,46.0,47.0,43.0,39.5,33.0,25.5
47.8787878788,47.5757575758,45.7575757576,42.7272727273,40.6060606061,33.3333333333,19.696969697
45.1428571429,42.8571428571,42.8571428571,40.8571428571,37.7142857143,33.4285714286,20.5714285714
47.9310344828,45.1724137931,43.4482758621,39.6551724138,37.2413793103,32.7586206897,18.275862069
45.8064516129,45.8064516129,44.5161290323,38.7096774194,40.6451612903,35.4838709677,20.0
45.1351351351,44.3243243243,42.972972973,40.5405405405,40.5405405405,34.3243243243,19.7297297297
48.7878787879,49.3939393939,46.6666666667,43.0303030303,40.9090909091,33.9393939394,20.303030303
48.0,47.0,45.5,40.0,39.5,37.5,25.5
48.2857142857,46.8571428571,44.8571428571,42.0,38.2857142857,35.4285714286,20.8571428571
50.0,48.2608695652,46.5217391304,45.2173913043,42.1739130435,36.5217391304,24.7826086957
47.5862068966,45.5172413793,42.7586206897,40.3448275862,40.0,34.4827586207,22.4137931034
44.4827586207,44.4827586207,44.4827586207,40.0,36.2068965517,34.4827586207,20.6896551724
46.7647058824,45.8823529412,43.5294117647,40.8823529412,38.5294117647,35.8823529412,20.5882352941
49.0909090909,49.0909090909,46.9696969697,43.6363636364,41.5151515152,35.1515151515,20.0
47.3333333333,47.0,44.6666666667,40.3333333333,37.6666666667,32.0,21.6666666667
50.0,49.3103448276,46.8965517241,43.1034482759,42.4137931034,33.4482758621,22.4137931034
46.3157894737,46.3157894737,44.2105263158,39.4736842105,37.8947368421,32.6315789474,17.1052631579
48.5714285714,47.619047619,45.2380952381,42.8571428571,40.4761904762,33.3333333333,23.3333333333
50.0,47.2413793103,47.5862068966,42.0689655172,40.0,37.5862068966,20.3448275862
45.3333333333,45.6666666667,43.3333333333,38.3333333333,37.0,30.3333333333,18.6666666667
49.0,48.3333333333,43.3333333333,42.6666666667,38.3333333333,35.3333333333,20.6666666667
42.3333333333,41.3333333333,40.6666666667,37.3333333333,35.3333333333,30.3333333333,18.3333333333
48.6486486486,47.5675675676,46.2162162162,42.1621621622,38.6486486486,32.7027027027,20.0
48.5714285714,46.2857142857,44.2857142857,41.1428571429,38.0,33.7142857143,19.4285714286
46.3333333333,45.6666666667,44.0,44.0,40.3333333333,33.6666666667,20.0
45.7142857143,44.5714285714,43.4285714286,40.8571428571,39.4285714286,32.8571428571,20.5714285714
45.3571428571,44.2857142857,43.5714285714,40.0,40.3571428571,34.6428571429,18.5714285714
46.8,45.6,45.6,42.0,41.6,35.2,24.8
43.5714285714,42.5,41.4285714286,39.2857142857,37.1428571429,33.5714285714,20.0
47.8947368421,47.1052631579,43.9473684211,41.8421052632,39.4736842105,32.8947368421,19.7368421053
48.75,48.3333333333,47.9166666667,44.1666666667,42.9166666667,38.3333333333,27.0833333333
44.8648648649,44.5945945946,43.2432432432,41.3513513514,37.027027027,30.5405405405,19.7297297297
45.0,44.2857142857,43.9285714286,40.3571428571,35.7142857143,32.1428571429,20.3571428571
46.0,44.25,44.0,39.5,36.75,28.5,12.5
47.3333333333,45.3333333333,42.0,39.3333333333,36.3333333333,29.3333333333,17.0
45.2941176471,42.3529411765,42.3529411765,38.8235294118,36.4705882353,35.5882352941,18.8235294118
49.6551724138,47.9310344828,45.5172413793,41.3793103448,39.6551724138,31.724137931,18.9655172414
48.125,47.8125,46.5625,44.0625,41.5625,35.3125,19.375
47.2972972973,46.4864864865,44.8648648649,40.5405405405,38.1081081081,34.3243243243,20.5405405405
48.0952380952,48.0952380952,46.1904761905,43.8095238095,40.0,36.1904761905,20.9523809524
43.5483870968,43.8709677419,42.5806451613,40.3225806452,40.3225806452,36.4516129032,19.6774193548
46.1538461538,45.641025641,44.1025641026,41.7948717949,37.9487179487,28.2051282051,13.5897435897
47.5757575758,46.9696969697,43.9393939394,40.6060606061,38.1818181818,32.1212121212,20.6060606061
46.25,44.75,42.0,40.0,33.25,27.0,12.0
48.4848484848,48.4848484848,46.3636363636,44.2424242424,41.5151515152,33.9393939394,19.696969697
45.5172413793,44.4827586207,43.1034482759,40.6896551724,35.1724137931,30.6896551724,20.0
49.3103448276,48.6206896552,45.5172413793,40.3448275862,39.6551724138,31.3793103448,22.0689655172
48.6842105263,48.4210526316,43.9473684211,43.4210526316,39.2105263158,33.4210526316,19.4736842105
42.0,42.0,40.0,38.6666666667,37.3333333333,30.6666666667,17.3333333333
48.275862069,46.8965517241,44.8275862069,43.4482758621,40.0,35.1724137931,20.6896551724
48.1818181818,48.6363636364,47.7272727273,42.7272727273,41.3636363636,33.1818181818,25.0
46.0869565217,45.2173913043,42.6086956522,41.7391304348,39.1304347826,35.652173913,24.7826086957
48.1818181818,47.7272727273,46.8181818182,42.2727272727,40.0,39.0909090909,29.0909090909
43.8888888889,42.5,41.3888888889,38.3333333333,35.2777777778,26.1111111111,11.3888888889
48.0952380952,46.1904761905,44.7619047619,43.8095238095,39.5238095238,35.7142857143,26.6666666667
45.625,45.0,44.0625,40.0,38.75,34.375,17.5
45.8620689655,45.1724137931,43.7931034483,41.724137931,40.0,34.4827586207,19.6551724138
48.275862069,45.8620689655,44.1379310345,39.6551724138,40.6896551724,34.4827586207,21.0344827586
47.1428571429,45.7142857143,42.2857142857,41.7142857143,39.7142857143,35.7142857143,19.4285714286
47.1428571429,46.7857142857,46.4285714286,42.1428571429,40.3571428571,35.0,20.7142857143
45.8620689655,44.8275862069,44.1379310345,42.4137931034,40.3448275862,34.1379310345,18.275862069
46.0,44.75,42.5,39.0,37.75,29.5,11.75
46.7857142857,46.4285714286,44.6428571429,41.4285714286,38.5714285714,33.5714285714,20.7142857143
43.4482758621,42.4137931034,40.6896551724,38.275862069,36.5517241379,30.3448275862,18.275862069
48.1818181818,45.7575757576,44.8484848485,41.5151515152,38.1818181818,33.9393939394,18.4848484848
45.0,44.2857142857,43.9285714286,40.3571428571,35.7142857143,32.1428571429,20.3571428571
48.3333333333,48.3333333333,46.3888888889,44.1666666667,40.2777777778,35.5555555556,21.6666666667
50.0,49.0909090909,45.4545454545,45.1515151515,41.8181818182,33.0303030303,20.0
42.3333333333,41.3333333333,40.3333333333,37.6666666667,35.3333333333,30.0,16.0
43.8888888889,42.5,41.3888888889,38.3333333333,35.2777777778,26.1111111111,11.3888888889
46.0,45.1428571429,43.4285714286,40.2857142857,38.2857142857,32.8571428571,19.7142857143
48.6363636364,48.6363636364,48.1818181818,47.2727272727,45.4545454545,39.0909090909,22.7272727273
48.6956521739,48.6956521739,44.7826086957,40.0,36.5217391304,34.347826087,23.0434782609
46.0869565217,45.2173913043,42.6086956522,42.6086956522,38.2608695652,35.2173913043,28.2608695652
47.0,45.6666666667,43.0,40.0,39.3333333333,30.0,19.6666666667
48.0,47.3333333333,43.3333333333,42.3333333333,38.6666666667,35.0,20.3333333333
46.1764705882,46.4705882353,42.9411764706,40.8823529412,38.2352941176,33.2352941176,20.5882352941
46.8965517241,45.8620689655,43.7931034483,40.3448275862,38.6206896552,33.4482758621,20.0
47.2727272727,47.2727272727,44.8484848485,41.5151515152,38.7878787879,32.7272727273,19.696969697
45.1724137931,44.8275862069,42.0689655172,38.6206896552,35.5172413793,31.724137931,17.2413793103
45.4054054054,44.5945945946,43.5135135135,37.8378378378,34.3243243243,27.2972972973,11.3513513514
45.6756756757,44.5945945946,42.7027027027,38.3783783784,34.5945945946,27.027027027,12.1621621622
50.0,49.1304347826,48.2608695652,45.2173913043,41.7391304348,36.9565217391,22.1739130435
47.4358974359,46.6666666667,45.1282051282,40.7692307692,38.7179487179,31.2820512821,13.5897435897
46.9444444444,45.5555555556,44.1666666667,41.1111111111,41.1111111111,33.3333333333,21.6666666667
46.7647058824,44.7058823529,44.1176470588,42.3529411765,39.1176470588,35.2941176471,21.4705882353
49.1304347826,49.5652173913,48.6956521739,45.652173913,41.7391304348,40.4347826087,22.6086956522
47.0,46.75,45.5,42.25,39.25,30.5,13.25
43.8461538462,43.0769230769,42.3076923077,40.5128205128,36.9230769231,30.0,13.5897435897
49.5652173913,49.5652173913,48.2608695652,44.7826086957,40.8695652174,36.5217391304,20.8695652174
45.1612903226,43.2258064516,42.9032258065,40.6451612903,42.2580645161,35.4838709677,18.3870967742
49.6551724138,47.5862068966,45.8620689655,43.4482758621,41.0344827586,32.7586206897,20.3448275862
47.1794871795,45.641025641,43.0769230769,40.0,38.7179487179,28.9743589744,13.5897435897
46.9230769231,45.8974358974,44.6153846154,39.2307692308,37.1794871795,26.9230769231,13.0769230769
46.25,45.625,45.3125,41.25,38.4375,35.9375,21.5625
48.0,47.5,44.5,41.5,42.5,37.5,28.5
48.5714285714,48.0952380952,46.6666666667,42.8571428571,40.0,37.1428571429,27.619047619
43.8888888889,42.5,41.3888888889,38.3333333333,35.2777777778,26.1111111111,11.3888888889
48.5714285714,47.1428571429,45.3571428571,41.0714285714,37.8571428571,33.9285714286,24.2857142857
44.0,43.3333333333,42.3333333333,39.6666666667,35.6666666667,31.6666666667,17.6666666667
46.0,46.0,45.3333333333,39.0,41.0,35.0,19.3333333333
48.275862069,44.4827586207,44.4827586207,43.7931034483,39.6551724138,31.0344827586,18.9655172414
47.7777777778,45.9259259259,44.4444444444,41.4814814815,41.1111111111,34.4444444444,19.2592592593
49.5454545455,46.8181818182,44.0909090909,42.2727272727,41.3636363636,35.0,23.1818181818
47.6315789474,47.6315789474,45.5263157895,41.3157894737,40.0,34.7368421053,19.4736842105
48.7878787879,49.3939393939,46.9696969697,45.1515151515,41.2121212121,34.2424242424,20.6060606061
44.75,44.5,42.75,39.25,37.25,29.25,12.5
47.6923076923,46.4102564103,44.1025641026,42.0512820513,37.9487179487,34.358974359,18.9743589744
47.1428571429,44.2857142857,44.0,41.4285714286,38.5714285714,33.1428571429,20.5714285714
47.6470588235,46.7647058824,43.8235294118,40.2941176471,37.0588235294,33.5294117647,22.3529411765
44.8275862069,43.4482758621,41.0344827586,38.9655172414,35.1724137931,31.724137931,17.2413793103
44.4827586207,43.7931034483,42.0689655172,37.2413793103,33.7931034483,30.3448275862,17.9310344828
47.5862068966,45.1724137931,45.1724137931,37.9310344828,36.8965517241,31.724137931,19.3103448276
48.064516129,47.7419354839,46.4516129032,43.5483870968,42.2580645161,35.4838709677,21.6129032258
47.2727272727,46.0606060606,41.5151515152,40.303030303,36.3636363636,31.5151515152,20.6060606061
48.0,45.5,44.75,40.25,36.0,29.0,12.75
45.25,44.5,42.75,38.75,36.5,29.25,12.5
46.3157894737,45.2631578947,44.2105263158,43.4210526316,39.7368421053,35.5263157895,20.7894736842
45.0,44.2857142857,43.9285714286,40.3571428571,35.7142857143,32.1428571429,20.3571428571
48.4848484848,48.1818181818,47.2727272727,42.1212121212,40.6060606061,30.9090909091,19.3939393939
48.0952380952,47.1428571429,45.2380952381,44.7619047619,40.9523809524,33.8095238095,24.2857142857
43.5714285714,43.2142857143,41.7857142857,40.3571428571,36.0714285714,32.5,18.9285714286
46.7647058824,45.8823529412,43.5294117647,40.0,37.9411764706,33.5294117647,20.5882352941
46.25,45.3125,45.0,40.625,38.75,33.125,17.1875
47.9310344828,45.1724137931,43.4482758621,39.6551724138,36.8965517241,31.3793103448,17.2413793103
46.2162162162,44.3243243243,44.3243243243,39.1891891892,37.2972972973,29.4594594595,14.8648648649
43.8888888889,43.6111111111,43.6111111111,38.6111111111,37.7777777778,32.2222222222,19.4444444444
50.0,49.0,48.5,44.5,43.0,33.5,23.5
47.3333333333,46.6666666667,43.3333333333,41.6666666667,36.6666666667,30.3333333333,17.0
48.6206896552,47.2413793103,45.5172413793,43.1034482759,40.3448275862,33.4482758621,20.3448275862
50.0,49.6875,48.4375,45.625,42.5,35.3125,20.9375
44.7058823529,43.2352941176,40.2941176471,39.1176470588,37.3529411765,34.7058823529,21.1764705882
48.0952380952,47.619047619,46.6666666667,43.3333333333,40.4761904762,36.1904761905,26.6666666667
48.3333333333,48.3333333333,46.1111111111,43.6111111111,38.8888888889,33.8888888889,20.2777777778
46.5517241379,46.2068965517,46.2068965517,41.3793103448,38.9655172414,33.1034482759,21.724137931
43.4482758621,43.7931034483,42.0689655172,39.3103448276,36.2068965517,31.0344827586,16.8965517241
48.5,47.5,48.0,43.0,41.0,36.5,25.5
47.1428571429,43.8095238095,42.8571428571,40.9523809524,40.0,35.7142857143,24.2857142857
50.0,48.1818181818,46.9696969697,41.5151515152,42.1212121212,33.3333333333,20.6060606061
45.2173913043,45.2173913043,42.1739130435,40.8695652174,37.8260869565,33.4782608696,24.347826087
45.3571428571,44.6428571429,43.2142857143,38.5714285714,38.2142857143,35.0,22.8571428571
43.8888888889,42.5,41.3888888889,38.3333333333,35.2777777778,26.1111111111,11.3888888889
44.8275862069,44.1379310345,42.7586206897,41.724137931,37.9310344828,34.4827586207,20.6896551724
48.75,47.9166666667,46.6666666667,43.3333333333,41.25,37.0833333333,27.0833333333
44.8717948718,44.1025641026,42.8205128205,41.5384615385,36.4102564103,27.9487179487,13.5897435897
46.7857142857,44.6428571429,43.2142857143,39.2857142857,36.0714285714,32.5,19.2857142857
46.1538461538,45.641025641,44.1025641026,41.7948717949,37.9487179487,28.2051282051,13.5897435897
46.5517241379,46.5517241379,43.7931034483,41.724137931,36.8965517241,30.6896551724,22.0689655172
47.6666666667,46.6666666667,44.3333333333,40.0,38.6666666667,29.3333333333,17.6666666667
48.6206896552,47.9310344828,46.5517241379,44.8275862069,41.0344827586,34.8275862069,19.3103448276
48.0952380952,48.0952380952,45.7142857143,42.8571428571,40.9523809524,35.2380952381,28.0952380952
47.0967741935,45.4838709677,42.2580645161,39.3548387097,38.7096774194,30.0,18.3870967742
48.0,48.5,47.0,44.5,40.5,37.0,27.5
45.641025641,45.1282051282,44.358974359,38.7179487179,36.1538461538,31.0256410256,19.2307692308
49.2,49.6,47.6,48.0,43.6,39.6,24.4
49.0909090909,48.6363636364,46.8181818182,45.9090909091,44.0909090909,37.7272727273,25.4545454545
50.0,50.0,47.2727272727,45.0,45.4545454545,36.3636363636,25.9090909091
47.2413793103,47.2413793103,44.8275862069,42.7586206897,38.6206896552,33.7931034483,18.9655172414
46.9444444444,46.6666666667,44.7222222222,42.5,38.8888888889,33.6111111111,19.7222222222
48.0,46.3333333333,44.3333333333,41.6666666667,39.0,34.0,20.0
43.8888888889,42.5,41.3888888889,38.3333333333,35.2777777778,26.1111111111,11.3888888889
46.8965517241,45.8620689655,44.1379310345,40.6896551724,37.9310344828,33.1034482759,18.275862069
45.5,44.75,42.75,41.0,37.0,29.25,13.0
48.6111111111,47.7777777778,45.2777777778,40.5555555556,39.4444444444,33.6111111111,21.1111111111
46.1538461538,45.641025641,44.1025641026,41.7948717949,37.9487179487,28.2051282051,13.5897435897
50.0,49.5238095238,46.6666666667,44.7619047619,41.4285714286,38.0952380952,23.3333333333
46.6666666667,43.6666666667,41.6666666667,41.6666666667,37.0,30.0,18.3333333333
50.0,49.3939393939,47.5757575758,43.6363636364,38.7878787879,34.5454545455,20.303030303
48.7878787879,48.4848484848,46.3636363636,45.1515151515,41.2121212121,33.6363636364,21.5151515152
48.2142857143,48.2142857143,46.7857142857,44.2857142857,41.0714285714,36.0714285714,21.0714285714
46.1538461538,45.641025641,44.1025641026,41.7948717949,37.9487179487,28.2051282051,13.5897435897
50.0,50.0,46.9565217391,43.0434782609,40.4347826087,36.0869565217,25.2173913043
46.6666666667,45.0,42.5,41.25,38.3333333333,32.5,22.5
45.1282051282,44.8717948718,43.5897435897,40.5128205128,38.2051282051,29.4871794872,13.8461538462
47.2972972973,45.4054054054,44.5945945946,41.6216216216,37.8378378378,32.4324324324,18.9189189189
47.8787878788,45.7575757576,42.4242424242,40.9090909091,40.303030303,33.9393939394,20.0
46.6666666667,45.5555555556,40.8333333333,39.7222222222,35.8333333333,26.9444444444,13.0555555556
48.9655172414,48.275862069,45.5172413793,40.0,37.9310344828,31.724137931,18.9655172414
45.0,44.7368421053,42.3684210526,37.1052631579,35.2631578947,26.3157894737,11.5789473684
49.5,48.5,48.0,45.0,39.0,34.5,24.5
47.9310344828,46.5517241379,46.5517241379,38.9655172414,39.3103448276,35.1724137931,18.275862069
46.9230769231,45.641025641,44.358974359,43.0769230769,38.4615384615,29.7435897436,12.3076923077
45.3571428571,44.2857142857,42.8571428571,38.5714285714,38.9285714286,32.8571428571,18.9285714286
45.0,44.0909090909,41.8181818182,40.4545454545,37.2727272727,35.0,21.8181818182
49.1666666667,48.0555555556,47.5,42.5,40.2777777778,32.7777777778,20.5555555556
46.1764705882,45.5882352941,43.2352941176,40.5882352941,40.2941176471,35.2941176471,19.4117647059
45.25,45.25,43.5,39.75,37.0,28.25,13.0
47.25,46.75,44.25,41.25,37.75,28.75,13.5
45.5,45.0,42.75,39.75,36.5,30.5,13.0
48.1578947368,46.8421052632,45.7894736842,42.3684210526,39.7368421053,34.4736842105,19.4736842105
49.6551724138,46.2068965517,43.4482758621,43.7931034483,38.275862069,32.7586206897,23.1034482759
43.7837837838,42.4324324324,42.1621621622,37.8378378378,34.5945945946,26.4864864865,11.6216216216
46.75,46.0,44.75,40.25,37.5,28.75,12.5
49.3333333333,48.0,45.6666666667,41.6666666667,39.3333333333,32.3333333333,20.6666666667
45.3571428571,43.9285714286,43.5714285714,39.6428571429,38.5714285714,31.4285714286,19.6428571429
47.9310344828,46.8965517241,44.8275862069,42.7586206897,38.9655172414,33.7931034483,21.0344827586
46.7857142857,45.3571428571,43.9285714286,42.8571428571,38.9285714286,32.5,20.0
47.3913043478,45.652173913,42.1739130435,38.2608695652,38.6956521739,30.0,23.9130434783
49.696969697,47.5757575758,47.8787878788,42.7272727273,41.2121212121,35.1515151515,19.696969697
46.5517241379,45.8620689655,44.1379310345,41.724137931,40.0,32.4137931034,20.3448275862
47.9411764706,47.0588235294,45.2941176471,42.6470588235,42.3529411765,35.5882352941,21.4705882353
48.5714285714,45.7142857143,43.9285714286,40.7142857143,39.6428571429,31.4285714286,20.0
49.5454545455,49.5454545455,49.5454545455,48.1818181818,42.2727272727,38.6363636364,23.1818181818
47.0,45.6666666667,44.0,39.6666666667,39.0,33.3333333333,16.6666666667
45.5,44.75,42.75,41.0,37.0,29.25,13.0
48.5714285714,47.619047619,48.0952380952,44.7619047619,40.9523809524,35.2380952381,24.7619047619
49.5652173913,48.2608695652,44.7826086957,42.1739130435,39.5652173913,33.9130434783,22.6086956522
44.1379310345,44.1379310345,42.7586206897,38.9655172414,36.5517241379,30.6896551724,18.275862069
48.0555555556,47.2222222222,44.4444444444,41.3888888889,39.7222222222,31.1111111111,18.8888888889
46.1764705882,45.5882352941,43.5294117647,41.1764705882,37.6470588235,35.0,17.0588235294
45.652173913,43.4782608696,43.0434782609,39.5652173913,39.1304347826,33.4782608696,23.4782608696
49.5454545455,49.0909090909,48.6363636364,48.1818181818,45.0,39.5454545455,24.5454545455
48.9285714286,48.2142857143,45.0,43.5714285714,40.7142857143,35.7142857143,21.0714285714
46.2068965517,47.5862068966,44.4827586207,39.6551724138,40.0,30.6896551724,19.6551724138
46.1111111111,45.5555555556,43.6111111111,41.6666666667,40.5555555556,34.1666666667,20.8333333333
48.5,47.5,46.0,41.5,41.5,35.5,24.5
45.3846153846,43.3333333333,42.8205128205,38.9743589744,34.1025641026,29.2307692308,13.5897435897
46.8965517241,45.8620689655,44.4827586207,42.7586206897,38.9655172414,31.3793103448,20.0
44.2857142857,43.4285714286,41.4285714286,39.7142857143,37.1428571429,34.0,19.1428571429
48.8,46.4,44.4,43.6,40.8,35.2,23.6
48.2142857143,48.5714285714,46.7857142857,43.5714285714,42.5,35.3571428571,19.2857142857
48.6363636364,48.1818181818,47.2727272727,43.6363636364,43.6363636364,37.7272727273,27.2727272727
46.3333333333,45.3333333333,43.6666666667,38.3333333333,37.0,33.6666666667,18.3333333333
48.0,47.0,42.6666666667,41.6666666667,39.6666666667,31.0,18.0
46.6666666667,47.0,45.3333333333,41.0,39.0,31.0,20.3333333333
48.6666666667,49.0,47.0,42.3333333333,38.0,33.3333333333,19.3333333333
43.3333333333,42.962962963,40.7407407407,39.6296296296,37.4074074074,31.4814814815,19.6296296296
48.7878787879,49.0909090909,47.8787878788,43.6363636364,42.4242424242,33.9393939394,20.6060606061
46.0714285714,44.2857142857,41.4285714286,39.6428571429,36.7857142857,30.3571428571,17.8571428571
45.7142857143,44.2857142857,42.2857142857,39.4285714286,35.7142857143,33.1428571429,18.0
43.8888888889,42.5,41.3888888889,38.3333333333,35.2777777778,26.1111111111,11.3888888889
48.275862069,46.5517241379,43.7931034483,40.6896551724,38.6206896552,34.1379310345,18.6206896552
46.5517241379,45.8620689655,44.1379310345,40.3448275862,41.724137931,32.0689655172,22.7586206897
45.0,44.75,43.0,39.75,35.25,28.5,13.0
48.9655172414,47.9310344828,46.5517241379,40.3448275862,39.6551724138,33.7931034483,22.0689655172
46.3157894737,45.0,45.0,40.7894736842,37.3684210526,31.3157894737,19.4736842105
47.1428571429,46.4285714286,45.0,41.7857142857,39.6428571429,34.2857142857,19.2857142857
47.25,46.5,44.75,40.75,37.75,28.75,14.0
46.5,46.0,46.0,42.75,37.5,28.5,12.75
45.75,45.5,43.75,38.5,36.25,29.25,11.75
46.8965517241,45.8620689655,44.4827586207,41.0344827586,36.2068965517,30.6896551724,18.6206896552
47.7777777778,48.0555555556,46.1111111111,43.0555555556,43.3333333333,33.0555555556,18.8888888889
43.8888888889,42.5,41.3888888889,38.3333333333,35.2777777778,26.1111111111,11.3888888889
46.4,46.4,44.8,45.2,40.8,36.8,22.8
45.5882352941,42.3529411765,40.8823529412,39.1176470588,35.8823529412,32.6470588235,19.1176470588
47.2972972973,46.7567567568,45.9459459459,40.5405405405,40.0,33.2432432432,19.4594594595
47.2727272727,46.0606060606,43.0303030303,40.0,38.4848484848,34.2424242424,20.0
43.8888888889,42.5,41.3888888889,38.3333333333,35.2777777778,26.1111111111,11.3888888889
44.75,44.0,44.0,39.25,36.75,30.25,12.5
48.0769230769,47.3076923077,45.0,43.0769230769,39.6153846154,33.8461538462,20.7692307692
48.0,47.0,48.0,44.0,43.0,38.0,26.0
49.696969697,47.5757575758,46.0606060606,45.4545454545,39.3939393939,34.8484848485,20.303030303
47.8947368421,46.8421052632,45.5263157895,42.6315789474,38.6842105263,33.9473684211,20.2631578947
47.0588235294,47.9411764706,43.5294117647,39.1176470588,37.6470588235,35.0,18.5294117647
47.9310344828,47.5862068966,45.1724137931,41.3793103448,39.6551724138,33.7931034483,17.5862068966
48.2051282051,47.1794871795,44.1025641026,41.5384615385,36.4102564103,26.1538461538,13.0769230769
47.2413793103,45.1724137931,44.1379310345,40.6896551724,39.3103448276,33.1034482759,19.6551724138
48.75,46.25,46.25,44.5833333333,39.5833333333,37.9166666667,25.4166666667
49.0909090909,47.8787878788,45.7575757576,43.0303030303,41.2121212121,33.6363636364,19.3939393939
49.4117647059,49.1176470588,47.3529411765,43.5294117647,40.2941176471,34.1176470588,22.6470588235
48.75,48.75,47.0833333333,45.4166666667,42.9166666667,37.9166666667,27.0833333333
45.0,44.2857142857,43.9285714286,40.3571428571,35.7142857143,32.1428571429,20.3571428571
45.0,44.2857142857,43.9285714286,40.3571428571,35.7142857143,32.1428571429,20.3571428571
48.9285714286,48.9285714286,47.5,42.8571428571,40.3571428571,35.3571428571,20.0
48.064516129,46.4516129032,43.2258064516,41.2903225806,36.7741935484,30.0,18.3870967742
48.0,45.0,43.5,39.5,34.5,33.5,24.5
48.5714285714,48.5714285714,45.7142857143,41.7857142857,40.0,36.0714285714,19.2857142857
47.0588235294,47.3529411765,44.4117647059,43.5294117647,39.4117647059,34.7058823529,17.9411764706
49.6551724138,48.275862069,45.1724137931,39.3103448276,41.724137931,33.7931034483,19.6551724138
48.5714285714,48.0952380952,45.7142857143,44.2857142857,41.4285714286,34.7619047619,27.1428571429
49.0909090909,46.3636363636,45.1515151515,41.5151515152,39.3939393939,33.6363636364,20.0
47.2413793103,45.8620689655,42.4137931034,40.3448275862,38.275862069,34.4827586207,19.3103448276
47.5,47.0,45.5,42.0,37.5,37.0,24.0
45.3571428571,44.6428571429,43.2142857143,39.2857142857,39.6428571429,34.6428571429,20.7142857143
45.3333333333,44.3333333333,43.0,41.0,37.0,29.3333333333,19.3333333333
49.7222222222,47.7777777778,45.0,41.6666666667,40.8333333333,35.5555555556,20.2777777778
49.696969697,49.0909090909,47.8787878788,44.5454545455,37.5757575758,35.1515151515,19.3939393939
48.0555555556,47.7777777778,45.5555555556,40.8333333333,41.1111111111,35.0,18.6111111111
46.0,46.4,44.4,42.0,39.2,38.4,24.0
46.7857142857,46.0714285714,46.0714285714,42.1428571429,41.0714285714,33.9285714286,18.2142857143
49.3939393939,48.1818181818,47.8787878788,44.8484848485,40.303030303,33.0303030303,21.2121212121
47.619047619,47.619047619,45.2380952381,44.2857142857,40.0,34.7619047619,22.380952381
46.0606060606,45.4545454545,42.4242424242,38.1818181818,37.5757575758,30.9090909091,19.696969697
46.7857142857,47.1428571429,45.3571428571,42.1428571429,39.6428571429,34.2857142857,18.2142857143
46.7647058824,45.5882352941,43.2352941176,41.1764705882,38.8235294118,34.4117647059,19.4117647059
46.3888888889,45.8333333333,43.8888888889,41.6666666667,38.8888888889,33.0555555556,19.4444444444
43.8888888889,42.5,41.3888888889,38.3333333333,35.2777777778,26.1111111111,11.3888888889
42.0,41.6666666667,39.6666666667,37.0,37.3333333333,29.0,18.0
46.75,45.75,46.25,40.0,39.25,31.5,12.75
45.2777777778,45.2777777778,42.5,38.3333333333,35.5555555556,28.0555555556,11.6666666667
45.75,45.5,43.75,38.5,36.25,29.25,11.75
48.0952380952,47.1428571429,44.7619047619,40.9523809524,39.5238095238,35.7142857143,26.1904761905
47.2413793103,44.4827586207,43.7931034483,40.3448275862,40.6896551724,34.4827586207,19.6551724138
46.4,46.4,44.8,42.4,40.4,34.8,24.0
47.1428571429,46.4285714286,46.0714285714,41.4285714286,40.0,33.9285714286,18.9285714286
48.9655172414,48.9655172414,44.8275862069,41.724137931,39.6551724138,37.2413793103,21.724137931
48.4210526316,47.3684210526,45.2631578947,43.1578947368,43.1578947368,36.8421052632,23.6842105263
49.6774193548,47.4193548387,45.8064516129,40.3225806452,37.7419354839,35.1612903226,18.064516129
45.0,42.0,41.3333333333,39.3333333333,37.6666666667,32.6666666667,17.3333333333
47.5862068966,48.9655172414,45.8620689655,42.0689655172,40.3448275862,34.8275862069,21.0344827586
43.8888888889,42.5,41.3888888889,38.3333333333,35.2777777778,26.1111111111,11.3888888889
49.0,47.5,45.0,42.0,38.5,34.5,24.5
47.2413793103,45.5172413793,43.7931034483,40.0,40.0,31.3793103448,18.6206896552
47.4285714286,44.2857142857,44.5714285714,40.8571428571,38.5714285714,33.4285714286,20.5714285714
46.7741935484,45.8064516129,44.1935483871,40.9677419355,39.6774193548,31.935483871,20.0
47.0,46.6666666667,45.3333333333,41.3333333333,37.0,34.6666666667,18.6666666667
46.6666666667,45.2777777778,42.7777777778,38.6111111111,34.1666666667,28.0555555556,11.6666666667
47.5862068966,45.1724137931,43.1034482759,41.3793103448,36.8965517241,33.4482758621,18.9655172414
46.9444444444,46.6666666667,44.7222222222,43.0555555556,37.7777777778,32.7777777778,20.5555555556
46.6666666667,46.0,44.3333333333,43.3333333333,42.6666666667,35.6666666667,20.0
45.1724137931,44.8275862069,42.0689655172,38.6206896552,35.5172413793,31.724137931,17.2413793103
47.1428571429,47.1428571429,46.0714285714,42.5,41.4285714286,35.3571428571,23.2142857143
48.6956521739,48.2608695652,43.9130434783,43.4782608696,40.4347826087,35.2173913043,27.8260869565
45.5172413793,43.4482758621,41.0344827586,38.6206896552,36.2068965517,30.6896551724,17.9310344828
48.6206896552,46.5517241379,44.8275862069,41.3793103448,37.5862068966,34.8275862069,21.0344827586
48.0,46.5,46.5,41.5,39.5,33.5,25.0
49.5238095238,48.0952380952,43.8095238095,43.8095238095,38.0952380952,35.2380952381,23.8095238095
45.0,44.4736842105,40.2631578947,35.5263157895,35.2631578947,26.8421052632,11.8421052632
47.6923076923,45.3846153846,45.7692307692,41.9230769231,41.5384615385,35.3846153846,21.1538461538
43.5714285714,43.2142857143,41.7857142857,40.0,35.0,32.8571428571,20.7142857143
46.4864864865,46.2162162162,43.7837837838,40.0,39.4594594595,32.972972973,19.7297297297
46.4102564103,46.9230769231,42.8205128205,38.2051282051,35.1282051282,27.4358974359,12.3076923077
46.0606060606,45.1515151515,44.2424242424,40.9090909091,37.5757575758,34.2424242424,18.7878787879
47.619047619,48.0952380952,45.7142857143,37.619047619,38.5714285714,34.2857142857,24.2857142857
45.25,44.75,43.0,39.75,35.0,28.5,13.0
44.6428571429,43.2142857143,41.4285714286,40.3571428571,35.3571428571,32.1428571429,20.3571428571
48.0952380952,48.5714285714,44.2857142857,41.4285714286,38.0952380952,33.3333333333,24.2857142857
46.5,46.0,43.5,40.0,38.5,34.5,25.0
47.6666666667,47.3333333333,45.6666666667,41.3333333333,41.6666666667,36.0,20.6666666667
47.619047619,46.1904761905,44.7619047619,42.8571428571,40.0,36.6666666667,28.0952380952
46.5517241379,46.2068965517,44.1379310345,38.9655172414,38.9655172414,31.3793103448,18.275862069
47.0,46.0,45.3333333333,39.3333333333,37.0,31.3333333333,19.6666666667
49.0,47.5,44.5,41.0,39.5,34.5,25.0
50.0,47.5675675676,46.2162162162,43.7837837838,40.2702702703,34.0540540541,20.0
45.5172413793,43.7931034483,42.0689655172,38.275862069,35.8620689655,31.724137931,17.2413793103
45.5263157895,43.1578947368,42.1052631579,41.0526315789,38.6842105263,34.4736842105,19.4736842105
47.619047619,45.7142857143,43.3333333333,41.4285714286,39.5238095238,33.8095238095,24.2857142857
48.5714285714,48.2857142857,45.4285714286,43.4285714286,39.1428571429,35.1428571429,19.4285714286
47.5862068966,47.9310344828,44.4827586207,44.8275862069,42.0689655172,34.8275862069,18.9655172414
47.8787878788,45.4545454545,44.2424242424,42.7272727273,39.0909090909,33.3333333333,17.5757575758
47.9310344828,45.8620689655,42.4137931034,42.7586206897,41.0344827586,32.0689655172,21.0344827586
48.275862069,47.5862068966,43.7931034483,41.724137931,39.6551724138,34.8275862069,21.0344827586
47.0,46.0,43.75,41.0,35.5,27.25,12.25
46.8,46.0,45.2,42.8,39.2,38.0,26.4
45.3333333333,45.0,42.6666666667,39.0,34.6666666667,31.3333333333,19.3333333333
49.5238095238,46.6666666667,46.1904761905,42.380952381,41.9047619048,30.9523809524,24.2857142857
48.9655172414,48.275862069,45.5172413793,42.4137931034,39.6551724138,37.2413793103,22.0689655172
46.1764705882,45.5882352941,44.4117647059,40.2941176471,37.9411764706,32.9411764706,20.2941176471
43.8888888889,42.5,41.3888888889,38.3333333333,35.2777777778,26.1111111111,11.3888888889
48.2857142857,47.1428571429,44.8571428571,43.4285714286,40.8571428571,35.4285714286,19.1428571429
47.1428571429,46.7857142857,46.4285714286,42.1428571429,40.3571428571,35.0,20.7142857143
45.3571428571,44.6428571429,43.5714285714,39.2857142857,38.9285714286,32.8571428571,17.5
44.8717948718,44.1025641026,42.8205128205,41.5384615385,36.4102564103,27.9487179487,13.5897435897
50.0,48.4848484848,46.9696969697,43.0303030303,41.5151515152,34.2424242424,20.6060606061
46.0,45.2,46.0,42.0,40.0,33.6,25.2
46.2068965517,45.5172413793,42.4137931034,41.0344827586,40.6896551724,34.4827586207,19.3103448276
48.9655172414,47.5862068966,46.8965517241,40.6896551724,39.3103448276,34.1379310345,17.5862068966
49.1304347826,48.6956521739,47.3913043478,44.7826086957,41.7391304348,37.8260869565,22.1739130435
45.1612903226,45.4838709677,44.1935483871,42.5806451613,42.5806451613,37.4193548387,20.3225806452
45.5172413793,43.7931034483,42.0689655172,38.275862069,35.8620689655,31.724137931,17.2413793103
46.25,46.0,43.75,39.25,36.5,27.0,12.5
49.3939393939,48.4848484848,46.6666666667,40.9090909091,39.0909090909,32.7272727273,18.7878787879
48.9285714286,48.2142857143,45.7142857143,43.2142857143,40.7142857143,35.7142857143,21.0714285714
48.0,47.3333333333,45.0,43.3333333333,39.3333333333,34.0,18.3333333333
48.5714285714,47.619047619,46.1904761905,44.7619047619,39.5238095238,34.2857142857,27.1428571429
47.3333333333,45.6666666667,43.0,40.6666666667,36.6666666667,30.6666666667,18.6666666667
48.9189189189,48.9189189189,45.4054054054,43.2432432432,39.7297297297,33.2432432432,20.2702702703
47.6666666667,47.6666666667,46.6666666667,43.6666666667,40.3333333333,33.6666666667,18.3333333333
48.6363636364,46.8181818182,46.3636363636,45.9090909091,41.3636363636,38.1818181818,27.2727272727
45.3571428571,43.5714285714,41.4285714286,41.4285714286,38.2142857143,34.2857142857,20.3571428571
48.3333333333,47.0833333333,45.4166666667,42.5,43.3333333333,36.6666666667,25.8333333333
47.2972972973,45.1351351351,44.8648648649,40.0,37.2972972973,31.6216216216,18.1081081081
46.0,46.2857142857,43.4285714286,39.1428571429,38.8571428571,32.8571428571,18.2857142857
48.0,47.0,43.0,40.5,37.0,36.5,27.0
43.8888888889,42.5,41.3888888889,38.3333333333,35.2777777778,26.1111111111,11.3888888889
46.2068965517,43.7931034483,43.4482758621,42.4137931034,38.9655172414,31.724137931,20.0
45.0,44.75,43.0,39.75,35.25,28.5,13.0
47.6666666667,47.3333333333,44.3333333333,39.3333333333,38.0,34.6666666667,19.6666666667
46.7567567568,45.6756756757,42.1621621622,40.0,36.7567567568,32.1621621622,12.1621621622
45.7142857143,44.2857142857,44.0,39.7142857143,39.1428571429,34.2857142857,20.0
48.3333333333,47.9166666667,47.5,45.8333333333,41.25,38.3333333333,25.0
48.6363636364,48.1818181818,46.3636363636,43.1818181818,41.8181818182,37.7272727273,25.4545454545
48.3333333333,47.5,45.4166666667,43.3333333333,40.0,34.5833333333,25.4166666667
49.2307692308,47.6923076923,46.5384615385,41.9230769231,40.0,33.4615384615,22.6923076923
48.0952380952,49.5238095238,45.2380952381,40.0,39.0476190476,31.9047619048,23.8095238095
45.3571428571,45.0,42.5,42.1428571429,36.7857142857,34.6428571429,20.3571428571
44.8717948718,44.1025641026,42.8205128205,41.5384615385,36.4102564103,27.9487179487,13.5897435897
49.2,48.8,48.0,41.6,41.2,33.6,21.6
43.5714285714,43.5714285714,43.2142857143,38.5714285714,36.7857142857,31.4285714286,17.8571428571
49.0,47.5,45.0,41.5,41.0,35.5,27.0
43.5294117647,42.3529411765,42.0588235294,38.8235294118,37.3529411765,33.5294117647,20.0
46.2068965517,45.5172413793,44.1379310345,41.0344827586,40.0,32.7586206897,18.275862069
46.4705882353,45.0,44.4117647059,40.2941176471,39.4117647059,33.8235294118,20.2941176471
48.275862069,46.5517241379,45.5172413793,40.3448275862,41.0344827586,36.8965517241,18.9655172414
47.6666666667,46.3333333333,44.0,40.6666666667,38.3333333333,32.6666666667,17.0
46.9444444444,46.9444444444,45.5555555556,40.2777777778,40.5555555556,35.5555555556,20.5555555556
45.1351351351,44.8648648649,40.5405405405,38.1081081081,34.0540540541,28.3783783784,10.5405405405
47.7272727273,46.3636363636,43.1818181818,43.1818181818,39.5454545455,34.0909090909,21.3636363636
48.5,47.5,45.5,42.0,41.0,36.5,28.0
47.0,46.0,45.0,41.3333333333,39.3333333333,32.6666666667,19.0
45.0,44.2857142857,43.9285714286,40.3571428571,35.7142857143,32.1428571429,20.3571428571
47.1794871795,46.9230769231,44.1025641026,40.2564102564,37.9487179487,28.7179487179,13.8461538462
45.1724137931,44.8275862069,42.0689655172,38.6206896552,35.5172413793,31.724137931,17.2413793103
46.4516129032,46.7741935484,45.1612903226,41.935483871,35.4838709677,30.3225806452,18.3870967742
46.2068965517,44.1379310345,44.8275862069,40.6896551724,38.275862069,29.6551724138,19.6551724138
42.4137931034,42.4137931034,41.724137931,39.3103448276,35.1724137931,32.7586206897,18.275862069
50.0,50.0,45.2,44.8,42.0,34.0,21.6
49.2,46.8,44.4,43.6,42.0,33.6,25.6
42.5806451613,42.5806451613,41.2903225806,39.6774193548,34.5161290323,30.6451612903,19.0322580645
43.8888888889,42.5,41.3888888889,38.3333333333,35.2777777778,26.1111111111,11.3888888889
47.3333333333,45.6666666667,43.6666666667,41.3333333333,39.6666666667,34.0,18.6666666667
46.9230769231,46.4102564103,44.6153846154,40.7692307692,39.2307692308,29.2307692308,14.358974359
49.3103448276,47.5862068966,46.2068965517,41.3793103448,40.3448275862,35.1724137931,18.275862069
46.3888888889,45.2777777778,44.7222222222,41.1111111111,39.4444444444,31.9444444444,18.8888888889
48.3333333333,46.9444444444,45.0,43.3333333333,38.8888888889,33.6111111111,20.5555555556
46.25,44.5,43.5,39.0,35.5,29.0,11.25
47.037037037,46.6666666667,45.9259259259,41.1111111111,41.1111111111,33.7037037037,22.2222222222
49.3103448276,48.9655172414,47.5862068966,42.0689655172,38.275862069,31.3793103448,19.3103448276
45.625,44.6875,43.4375,40.0,39.0625,30.3125,18.75
48.4210526316,48.4210526316,45.7894736842,44.2105263158,43.1578947368,41.0526315789,28.9473684211
44.4827586207,44.4827586207,41.0344827586,41.0344827586,35.8620689655,30.0,17.2413793103
48.3333333333,46.0,43.6666666667,38.6666666667,40.3333333333,30.6666666667,19.0
47.2222222222,46.1111111111,45.2777777778,40.2777777778,37.7777777778,36.1111111111,19.4444444444
49.5454545455,49.0909090909,47.7272727273,45.4545454545,45.0,39.5454545455,24.0909090909
45.5,45.0,42.75,39.75,36.5,30.5,13.0
47.5862068966,46.8965517241,45.5172413793,43.7931034483,40.6896551724,33.1034482759,21.724137931
48.5714285714,46.2857142857,45.7142857143,40.8571428571,39.1428571429,33.7142857143,19.1428571429
48.1481481481,44.4444444444,43.3333333333,42.5925925926,37.037037037,32.962962963,21.1111111111
47.2727272727,48.1818181818,42.7272727273,43.1818181818,40.4545454545,35.9090909091,24.5454545455
49.5238095238,49.0476190476,46.1904761905,43.3333333333,40.0,32.8571428571,21.4285714286
46.0,45.4285714286,44.8571428571,40.5714285714,38.2857142857,32.5714285714,18.0
45.7894736842,43.4210526316,43.1578947368,38.9473684211,36.5789473684,28.1578947368,12.6315789474
46.3333333333,45.0,42.6666666667,39.3333333333,37.6666666667,32.0,18.3333333333
48.5714285714,47.8571428571,43.9285714286,43.2142857143,40.7142857143,33.9285714286,19.6428571429
46.0,44.25,44.0,39.5,36.75,28.5,12.5
49.696969697,48.4848484848,46.9696969697,41.8181818182,41.5151515152,33.9393939394,20.0
47.5,45.5,44.0,40.0,40.5,33.0,24.5
44.0540540541,42.1621621622,39.4594594595,36.2162162162,33.5135135135,26.4864864865,12.972972973
46.4864864865,44.5945945946,42.7027027027,35.9459459459,33.7837837838,28.9189189189,11.6216216216
47.6666666667,45.6666666667,42.6666666667,39.0,39.3333333333,32.0,17.3333333333
47.5,46.5,46.5,43.0,36.5,34.0,22.0
47.1428571429,46.7857142857,46.4285714286,42.1428571429,40.3571428571,35.0,20.7142857143
48.064516129,48.064516129,45.1612903226,42.9032258065,40.9677419355,36.4516129032,19.0322580645
46.7857142857,47.1428571429,46.0714285714,40.7142857143,38.2142857143,36.0714285714,21.0714285714
48.0,48.0,46.8,45.2,40.8,33.6,21.6
46.6666666667,45.2777777778,44.1666666667,40.0,37.7777777778,33.3333333333,19.4444444444
46.8571428571,46.2857142857,44.5714285714,41.4285714286,40.2857142857,34.2857142857,20.2857142857
48.3333333333,48.0,45.6666666667,40.0,39.6666666667,31.6666666667,19.6666666667
45.9375,45.625,43.4375,40.625,36.875,32.5,18.75
49.1176470588,49.1176470588,45.0,42.9411764706,40.8823529412,34.7058823529,18.5294117647
48.0,48.0,45.5,44.5,43.0,41.5,27.5
49.0909090909,48.1818181818,47.2727272727,45.9090909091,44.5454545455,40.0,24.5454545455
45.3571428571,45.3571428571,44.6428571429,41.7857142857,39.2857142857,33.9285714286,21.0714285714
46.2068965517,44.8275862069,44.4827586207,40.3448275862,38.6206896552,35.5172413793,18.9655172414
45.0,44.2857142857,43.9285714286,40.3571428571,35.7142857143,32.1428571429,20.3571428571
45.7142857143,45.7142857143,42.8571428571,41.4285714286,38.5714285714,32.0,19.4285714286
47.8787878788,45.7575757576,44.2424242424,42.1212121212,39.696969697,33.0303030303,18.4848484848
46.5714285714,46.0,43.7142857143,40.2857142857,39.1428571429,34.0,20.0
49.5238095238,49.0476190476,48.5714285714,44.2857142857,46.1904761905,41.9047619048,25.7142857143
47.5,46.9444444444,44.1666666667,41.3888888889,39.1666666667,33.0555555556,19.7222222222
47.5862068966,45.8620689655,44.8275862069,39.6551724138,37.5862068966,33.4482758621,20.3448275862
48.3870967742,47.0967741935,44.8387096774,43.8709677419,41.2903225806,33.5483870968,21.2903225806
50.0,50.0,49.5652173913,47.3913043478,45.2173913043,39.5652173913,26.5217391304
43.5714285714,43.2142857143,41.7857142857,40.0,38.5714285714,33.2142857143,20.0
43.7837837838,42.972972973,41.0810810811,40.5405405405,35.9459459459,29.7297297297,13.2432432432
48.3783783784,46.7567567568,44.5945945946,40.5405405405,40.0,34.3243243243,18.3783783784
46.5714285714,46.0,44.5714285714,42.2857142857,40.0,35.1428571429,18.8571428571
47.7419354839,48.3870967742,44.1935483871,43.2258064516,40.3225806452,34.8387096774,18.3870967742
49.7368421053,47.8947368421,45.7894736842,42.6315789474,38.1578947368,31.3157894737,16.8421052632
50.0,50.0,47.1428571429,44.2857142857,40.4761904762,33.3333333333,20.9523809524
46.2068965517,44.4827586207,45.1724137931,42.4137931034,38.6206896552,34.8275862069,19.3103448276
46.0,45.0,44.0,40.6666666667,39.6666666667,34.6666666667,20.6666666667
46.0,43.3333333333,42.6666666667,41.3333333333,36.0,32.3333333333,19.0
47.2413793103,46.2068965517,45.5172413793,41.0344827586,38.275862069,33.4482758621,21.0344827586
45.5,44.25,43.75,39.5,37.25,29.25,13.0
45.75,43.0,43.5,38.25,37.0,27.25,12.5
49.5652173913,49.1304347826,46.9565217391,46.9565217391,43.9130434783,38.6956521739,21.7391304348
49.3939393939,48.1818181818,47.5757575758,43.0303030303,39.3939393939,35.7575757576,20.6060606061
47.0,45.3333333333,43.0,40.3333333333,37.0,32.0,20.0
42.3333333333,42.3333333333,40.6666666667,37.3333333333,34.6666666667,28.3333333333,19.0
42.0,42.0,41.0,38.6666666667,34.3333333333,31.3333333333,18.0
45.3571428571,45.0,41.7857142857,39.6428571429,36.0714285714,32.8571428571,21.0714285714
45.5172413793,43.7931034483,42.0689655172,38.275862069,35.8620689655,31.724137931,17.2413793103
48.2857142857,46.8571428571,45.1428571429,42.5714285714,39.1428571429,35.7142857143,20.5714285714
46.9230769231,46.5384615385,45.7692307692,40.7692307692,39.6153846154,32.3076923077,18.8461538462
45.75,45.0,43.75,40.25,36.25,28.5,12.25
47.5862068966,46.5517241379,44.4827586207,42.0689655172,40.6896551724,33.1034482759,19.6551724138
47.3529411765,47.3529411765,44.7058823529,39.7058823529,41.1764705882,35.2941176471,19.1176470588
48.1081081081,48.1081081081,44.0540540541,42.7027027027,40.0,32.7027027027,19.7297297297
48.5294117647,47.0588235294,44.4117647059,41.4705882353,38.5294117647,35.0,18.8235294118
49.4736842105,46.8421052632,45.7894736842,43.6842105263,42.1052631579,35.7894736842,27.8947368421
48.9655172414,47.5862068966,43.7931034483,41.724137931,37.9310344828,33.7931034483,17.2413793103
47.0,46.5,43.5,42.0,39.5,34.0,23.0
50.0,47.4193548387,48.3870967742,43.8709677419,39.6774193548,34.1935483871,21.6129032258
46.75,46.0,45.0,39.75,35.25,28.5,12.5
47.6,48.0,45.6,40.0,41.2,34.4,22.0
50.0,49.5454545455,45.9090909091,45.4545454545,41.8181818182,35.4545454545,24.5454545455
46.75,46.0,44.75,40.25,37.5,28.75,12.5
49.0909090909,48.4848484848,46.6666666667,43.6363636364,41.5151515152,33.6363636364,20.6060606061
50.0,50.0,46.6666666667,42.962962963,43.3333333333,35.5555555556,21.4814814815
48.8235294118,48.5294117647,46.7647058824,40.8823529412,38.8235294118,32.9411764706,18.8235294118
48.0,46.0,45.0,44.0,40.0,33.5,24.5
43.8888888889,42.5,41.3888888889,38.3333333333,35.2777777778,26.1111111111,11.3888888889
48.064516129,48.3870967742,44.1935483871,42.9032258065,41.935483871,34.5161290323,18.3870967742
48.4848484848,48.4848484848,46.0606060606,43.3333333333,40.0,33.9393939394,18.1818181818
49.2,48.4,45.6,45.6,40.8,34.8,20.0
49.0909090909,49.0909090909,47.2727272727,42.7272727273,41.2121212121,33.6363636364,19.696969697
43.5294117647,42.6470588235,40.2941176471,38.5294117647,37.0588235294,32.6470588235,20.0
47.9310344828,47.2413793103,44.8275862069,38.6206896552,38.275862069,32.0689655172,19.3103448276
48.0952380952,47.1428571429,45.7142857143,41.4285714286,40.4761904762,33.3333333333,27.1428571429
48.064516129,45.8064516129,45.1612903226,41.2903225806,41.2903225806,34.8387096774,23.2258064516
49.3939393939,46.9696969697,45.7575757576,43.9393939394,40.6060606061,33.6363636364,20.6060606061
49.2857142857,47.5,43.9285714286,44.2857142857,41.7857142857,38.2142857143,21.7857142857
48.0,46.6666666667,44.6666666667,40.3333333333,39.0,32.3333333333,20.3333333333
50.0,47.7272727273,47.7272727273,45.9090909091,44.0909090909,41.3636363636,22.2727272727
47.0967741935,46.4516129032,45.8064516129,40.9677419355,39.6774193548,32.9032258065,20.0
48.2857142857,47.1428571429,44.8571428571,42.2857142857,38.2857142857,35.7142857143,19.4285714286
48.064516129,46.7741935484,45.4838709677,42.5806451613,39.6774193548,33.5483870968,22.2580645161
48.5,48.5,45.5,44.5,43.5,37.5,26.5
45.1724137931,44.8275862069,42.0689655172,38.6206896552,35.5172413793,31.724137931,17.2413793103
49.0,47.0,47.5,41.0,39.5,36.0,25.0
50.0,48.1818181818,46.9696969697,42.1212121212,40.6060606061,33.9393939394,20.6060606061
47.0833333333,45.8333333333,43.75,41.6666666667,41.25,35.8333333333,25.0
43.8888888889,42.5,41.3888888889,38.3333333333,35.2777777778,26.1111111111,11.3888888889
49.0909090909,48.1818181818,47.2727272727,47.7272727273,44.0909090909,40.0,22.2727272727
47.0,47.0,45.5,43.0,39.5,36.0,25.5
43.5714285714,42.8571428571,41.7857142857,39.2857142857,33.9285714286,30.3571428571,20.7142857143
44.6428571429,44.2857142857,42.8571428571,39.2857142857,38.2142857143,32.5,20.3571428571
47.6666666667,46.3333333333,44.3333333333,43.3333333333,40.6666666667,35.0,19.6666666667
43.7142857143,41.4285714286,42.5714285714,37.7142857143,36.0,33.4285714286,18.2857142857
45.75,43.0,43.5,38.25,37.0,27.25,12.5
48.1818181818,47.2727272727,45.4545454545,42.2727272727,40.4545454545,33.1818181818,26.3636363636
48.0555555556,47.5,45.8333333333,43.0555555556,38.3333333333,34.4444444444,19.7222222222
46.8,45.2,43.6,41.6,40.0,34.4,26.0
44.8387096774,44.5161290323,42.5806451613,39.3548387097,38.3870967742,36.1290322581,20.0
46.2068965517,44.8275862069,44.8275862069,42.0689655172,40.3448275862,35.5172413793,20.6896551724
46.3333333333,46.0,42.3333333333,41.0,38.3333333333,31.3333333333,19.0
49.3333333333,46.6666666667,46.0,42.3333333333,40.0,35.6666666667,17.3333333333
46.5789473684,45.0,43.9473684211,40.5263157895,40.0,33.4210526316,20.5263157895
45.5172413793,44.4827586207,43.7931034483,41.0344827586,37.5862068966,32.4137931034,20.3448275862
48.9655172414,47.5862068966,45.8620689655,40.0,38.9655172414,34.1379310345,18.6206896552
46.5714285714,46.0,44.5714285714,42.2857142857,40.0,35.1428571429,18.8571428571
45.8823529412,45.0,43.2352941176,38.8235294118,37.6470588235,35.8823529412,19.4117647059
47.5862068966,45.1724137931,44.4827586207,40.6896551724,38.275862069,34.8275862069,21.724137931
50.0,48.0952380952,47.619047619,45.2380952381,43.8095238095,39.0476190476,24.2857142857
45.0,44.2857142857,43.9285714286,40.3571428571,35.7142857143,32.1428571429,20.3571428571
43.6666666667,42.6666666667,40.6666666667,40.6666666667,35.3333333333,30.0,18.3333333333
43.5714285714,42.5,41.4285714286,39.2857142857,38.2142857143,33.2142857143,20.0
47.0,47.5,46.5,43.0,40.0,36.5,30.0
45.0,44.75,43.0,39.75,35.25,28.5,13.0
45.75,45.0,43.75,40.25,36.25,28.5,12.25
47.037037037,46.6666666667,45.9259259259,41.1111111111,41.1111111111,33.7037037037,22.2222222222
45.1724137931,45.1724137931,42.4137931034,40.0,36.8965517241,30.6896551724,18.275862069
46.9444444444,45.0,45.0,41.1111111111,38.0555555556,33.3333333333,18.6111111111
48.3333333333,47.9166666667,46.6666666667,43.75,42.5,38.75,25.8333333333
48.6363636364,48.6363636364,47.7272727273,43.6363636364,41.8181818182,38.6363636364,27.2727272727
43.5714285714,43.2142857143,41.7857142857,38.9285714286,35.3571428571,31.0714285714,22.1428571429
47.0,47.3333333333,44.0,40.6666666667,38.0,32.0,21.0
47.3529411765,46.4705882353,45.0,41.7647058824,39.4117647059,35.0,19.4117647059
43.7142857143,42.8571428571,41.7142857143,38.2857142857,38.0,34.5714285714,18.5714285714
47.8787878788,47.5757575758,46.6666666667,39.0909090909,39.3939393939,34.5454545455,20.6060606061
50.0,48.9473684211,47.3684210526,43.6842105263,42.1052631579,35.2631578947,26.3157894737
48.6486486486,47.2972972973,45.6756756757,43.5135135135,38.6486486486,34.5945945946,21.3513513514
49.5238095238,48.5714285714,48.0952380952,44.7619047619,41.9047619048,33.3333333333,23.8095238095
49.696969697,47.5757575758,46.0606060606,41.5151515152,39.696969697,34.2424242424,19.696969697
44.375,43.75,42.1875,39.0625,36.25,30.9375,18.125
48.0,46.5,46.5,43.0,38.0,36.5,24.0
45.5172413793,43.7931034483,42.0689655172,38.275862069,35.8620689655,31.724137931,17.2413793103
45.0,45.0,44.0,40.25,37.25,28.25,12.25
45.75,45.0,43.75,40.25,36.25,28.5,12.25
49.2857142857,47.8571428571,47.5,40.0,41.4285714286,34.6428571429,20.3571428571
45.3571428571,45.0,42.5,42.1428571429,36.7857142857,34.6428571429,20.3571428571
47.9310344828,46.5517241379,44.8275862069,39.3103448276,35.8620689655,32.4137931034,20.0
49.2592592593,48.1481481481,46.6666666667,42.962962963,42.5925925926,34.0740740741,21.1111111111
47.3529411765,45.8823529412,44.4117647059,40.0,35.2941176471,34.7058823529,19.7058823529
46.8965517241,46.2068965517,45.8620689655,44.1379310345,38.9655172414,33.1034482759,20.3448275862
43.8888888889,42.5,41.3888888889,38.3333333333,35.2777777778,26.1111111111,11.3888888889
48.5714285714,47.1428571429,46.1904761905,44.2857142857,38.5714285714,34.2857142857,26.1904761905
45.8333333333,45.5555555556,45.5555555556,41.6666666667,39.4444444444,32.7777777778,20.8333333333
49.6551724138,47.9310344828,47.9310344828,44.8275862069,40.0,35.8620689655,21.3793103448
44.4827586207,44.4827586207,40.3448275862,38.9655172414,35.8620689655,33.1034482759,19.3103448276
47.8571428571,47.1428571429,44.2857142857,42.1428571429,37.8571428571,33.5714285714,20.0
46.7741935484,45.8064516129,43.2258064516,40.9677419355,39.3548387097,32.2580645161,19.3548387097
46.8,44.8,46.0,42.8,40.4,35.6,22.8
49.5,48.5,44.5,41.5,39.5,34.0,25.5
46.3157894737,47.8947368421,45.7894736842,42.6315789474,41.0526315789,33.6842105263,24.2105263158
43.5483870968,42.5806451613,40.6451612903,38.064516129,35.4838709677,31.2903225806,17.4193548387
47.1428571429,46.7857142857,46.4285714286,43.2142857143,42.1428571429,36.7857142857,21.0714285714
46.1538461538,45.641025641,44.1025641026,41.7948717949,37.9487179487,28.2051282051,13.5897435897
47.8260869565,46.5217391304,43.0434782609,42.1739130435,40.0,35.652173913,25.652173913
48.4848484848,48.4848484848,45.4545454545,43.9393939394,39.0909090909,35.7575757576,20.0
48.5714285714,47.5,46.4285714286,43.2142857143,42.8571428571,35.0,20.3571428571
47.2413793103,46.5517241379,44.4827586207,41.0344827586,38.6206896552,34.1379310345,19.6551724138
45.1724137931,44.8275862069,42.0689655172,39.3103448276,36.8965517241,30.0,19.6551724138
43.7931034483,44.1379310345,41.0344827586,38.6206896552,36.2068965517,29.6551724138,20.0
48.6363636364,48.6363636364,44.0909090909,41.8181818182,38.1818181818,31.8181818182,21.3636363636
48.5714285714,47.619047619,45.7142857143,41.9047619048,41.9047619048,36.1904761905,25.7142857143
47.2413793103,46.2068965517,43.1034482759,43.4482758621,41.0344827586,33.1034482759,20.3448275862
48.2142857143,47.1428571429,43.5714285714,40.0,40.0,35.3571428571,21.0714285714
46.7857142857,45.3571428571,43.9285714286,42.8571428571,38.9285714286,32.5,20.0
46.0,44.6666666667,43.0,37.0,38.3333333333,27.3333333333,20.3333333333
49.5238095238,48.5714285714,46.6666666667,45.7142857143,42.8571428571,38.5714285714,24.7619047619
48.064516129,47.4193548387,45.8064516129,42.5806451613,40.3225806452,37.4193548387,19.0322580645
48.0952380952,47.619047619,45.2380952381,40.4761904762,42.380952381,34.7619047619,26.6666666667
48.5714285714,47.619047619,46.1904761905,44.7619047619,40.9523809524,40.4761904762,30.0
45.3571428571,44.2857142857,43.2142857143,40.0,37.1428571429,32.5,19.6428571429
50.0,48.6956521739,44.347826087,42.6086956522,37.3913043478,35.2173913043,24.347826087
47.1428571429,46.4285714286,46.0714285714,42.5,38.9285714286,35.0,19.6428571429
44.1935483871,43.2258064516,42.2580645161,38.7096774194,35.8064516129,29.3548387097,19.0322580645
48.2142857143,47.8571428571,44.2857142857,41.0714285714,38.9285714286,35.3571428571,20.7142857143
48.0952380952,48.0952380952,47.1428571429,42.380952381,39.0476190476,35.7142857143,26.1904761905
45.1612903226,44.5161290323,42.9032258065,40.3225806452,38.7096774194,33.2258064516,18.7096774194
48.0,47.0,46.0,42.3333333333,41.6666666667,34.6666666667,19.6666666667
48.064516129,46.7741935484,45.1612903226,42.9032258065,40.9677419355,34.5161290323,19.3548387097
47.6,45.6,45.2,42.0,38.8,33.6,24.4
45.0,45.0,44.0,40.25,37.25,28.25,12.25
45.4285714286,43.7142857143,42.5714285714,40.5714285714,39.7142857143,33.4285714286,20.2857142857
46.25,44.75,42.0,38.0,35.5,28.5,14.0
47.6470588235,46.7647058824,44.4117647059,42.6470588235,39.4117647059,36.4705882353,21.7647058824
45.0,44.0,42.3333333333,40.0,36.3333333333,28.6666666667,23.6666666667
45.9090909091,46.3636363636,41.8181818182,40.4545454545,36.3636363636,34.5454545455,26.8181818182
45.1724137931,42.7586206897,43.4482758621,37.5862068966,37.2413793103,30.6896551724,21.724137931
45.25,44.75,43.0,39.75,35.0,28.5,13.0
45.1724137931,44.1379310345,43.1034482759,38.9655172414,38.275862069,32.0689655172,17.2413793103
47.8260869565,48.2608695652,46.5217391304,46.0869565217,43.4782608696,41.3043478261,22.6086956522
48.5714285714,48.5714285714,45.7142857143,42.380952381,42.8571428571,37.1428571429,26.1904761905
47.4193548387,47.0967741935,45.1612903226,40.3225806452,37.4193548387,30.9677419355,18.064516129
44.3243243243,42.972972973,38.9189189189,36.7567567568,33.7837837838,25.4054054054,12.7027027027
48.3783783784,47.8378378378,45.4054054054,41.3513513514,39.4594594595,32.1621621622,19.4594594595
47.0,46.6666666667,45.0,41.6666666667,35.3333333333,30.6666666667,18.3333333333
49.4594594595,48.3783783784,43.7837837838,40.0,39.1891891892,32.1621621622,20.0
50.0,49.5454545455,47.7272727273,45.4545454545,40.4545454545,36.3636363636,23.6363636364
46.4,46.4,44.8,41.6,40.0,36.8,27.2
48.6363636364,48.1818181818,46.8181818182,42.7272727273,43.1818181818,35.4545454545,25.9090909091
47.0,48.0,44.5,44.5,40.5,33.0,25.0
47.1428571429,46.7857142857,46.4285714286,42.1428571429,40.3571428571,35.0,20.7142857143
43.7931034483,43.1034482759,42.7586206897,39.3103448276,38.6206896552,32.0689655172,17.5862068966
49.3103448276,46.8965517241,45.5172413793,41.3793103448,39.6551724138,33.4482758621,17.9310344828
48.6666666667,48.0,44.3333333333,40.3333333333,38.6666666667,35.0,22.0
49.5,46.5,46.5,42.5,40.5,34.5,25.5
48.1081081081,47.8378378378,44.5945945946,40.2702702703,41.0810810811,33.2432432432,19.1891891892
45.5555555556,45.0,43.6111111111,41.1111111111,37.7777777778,33.8888888889,18.8888888889
47.8260869565,48.2608695652,44.7826086957,43.0434782609,39.5652173913,34.347826087,24.347826087
47.2413793103,44.8275862069,42.0689655172,40.0,37.2413793103,33.1034482759,20.6896551724
45.5882352941,45.0,43.8235294118,40.2941176471,35.8823529412,32.6470588235,20.0
49.6666666667,48.3333333333,43.3333333333,40.3333333333,38.0,33.0,17.6666666667
45.3571428571,44.6428571429,43.2142857143,39.2857142857,39.6428571429,34.6428571429,20.7142857143
48.4210526316,47.3684210526,45.5263157895,43.1578947368,39.2105263158,31.8421052632,17.8947368421
46.3636363636,46.3636363636,43.1818181818,40.0,37.7272727273,34.5454545455,21.8181818182
45.1724137931,44.1379310345,42.0689655172,40.0,35.1724137931,32.7586206897,23.7931034483
49.0322580645,48.3870967742,47.0967741935,44.8387096774,42.5806451613,36.7741935484,21.6129032258
46.9444444444,46.9444444444,42.5,40.2777777778,37.7777777778,32.5,19.1666666667
49.2857142857,47.1428571429,46.0714285714,41.7857142857,38.2142857143,36.4285714286,21.0714285714
46.9696969697,46.3636363636,44.2424242424,42.7272727273,40.6060606061,31.5151515152,18.7878787879
49.3103448276,47.9310344828,45.5172413793,38.275862069,35.5172413793,32.4137931034,18.275862069
50.0,50.0,46.5,45.5,40.5,32.5,24.0
45.0,45.5,43.75,38.75,36.0,28.75,13.0
48.9285714286,48.9285714286,48.2142857143,42.8571428571,42.1428571429,34.2857142857,20.0
49.2105263158,46.3157894737,45.5263157895,42.3684210526,40.2631578947,32.6315789474,19.4736842105
47.9166666667,46.25,45.4166666667,42.0833333333,42.5,36.25,27.0833333333
47.5862068966,46.2068965517,44.8275862069,41.3793103448,38.6206896552,31.3793103448,17.5862068966
49.4117647059,48.5294117647,47.3529411765,41.7647058824,40.0,33.5294117647,18.2352941176
45.3571428571,43.5714285714,41.4285714286,41.4285714286,38.2142857143,34.2857142857,20.3571428571
50.0,49.5238095238,48.5714285714,43.8095238095,41.9047619048,34.2857142857,26.6666666667
43.3333333333,42.6666666667,41.6666666667,38.3333333333,37.0,29.0,18.3333333333
48.2352941176,45.5882352941,46.1764705882,40.8823529412,38.5294117647,30.8823529412,18.5294117647
46.8965517241,45.1724137931,44.8275862069,38.6206896552,36.2068965517,31.724137931,17.9310344828
45.8333333333,45.2777777778,44.7222222222,42.7777777778,39.4444444444,31.9444444444,18.8888888889
48.4210526316,46.3157894737,44.7368421053,42.6315789474,42.1052631579,35.7894736842,25.2631578947
46.5517241379,47.9310344828,46.2068965517,42.7586206897,40.0,37.2413793103,19.6551724138
45.1612903226,45.8064516129,43.5483870968,41.2903225806,36.7741935484,31.2903225806,18.064516129
47.027027027,46.2162162162,44.0540540541,41.0810810811,38.6486486486,31.8918918919,18.6486486486
49.5238095238,48.0952380952,48.5714285714,45.7142857143,46.6666666667,40.0,23.8095238095
50.0,49.5,47.5,44.0,42.0,36.5,24.0
46.4705882353,46.4705882353,43.5294117647,40.8823529412,41.7647058824,35.5882352941,19.7058823529
43.5714285714,43.2142857143,41.7857142857,40.3571428571,36.0714285714,32.5,18.9285714286
46.0975609756,46.0975609756,45.3658536585,41.2195121951,37.0731707317,29.512195122,12.9268292683
48.1818181818,47.2727272727,45.4545454545,42.7272727273,41.3636363636,35.4545454545,29.0909090909
47.25,44.75,41.25,39.75,35.25,27.25,12.75
45.1724137931,45.5172413793,42.4137931034,40.3448275862,38.6206896552,31.3793103448,18.6206896552
48.8461538462,48.4615384615,48.4615384615,43.0769230769,41.5384615385,36.5384615385,20.7692307692
45.1724137931,44.8275862069,42.0689655172,38.6206896552,35.5172413793,31.724137931,17.2413793103
47.6470588235,47.6470588235,43.2352941176,42.3529411765,39.1176470588,34.4117647059,20.2941176471
46.1290322581,45.4838709677,44.8387096774,41.6129032258,39.6774193548,36.7741935484,19.6774193548
46.1290322581,45.4838709677,43.2258064516,40.3225806452,40.0,34.5161290323,19.0322580645
46.7567567568,46.2162162162,43.7837837838,41.0810810811,38.6486486486,34.3243243243,19.4594594595
50.0,48.6956521739,46.9565217391,43.0434782609,43.4782608696,38.6956521739,22.1739130435
50.0,48.0952380952,49.0476190476,45.7142857143,42.8571428571,38.0952380952,24.7619047619
46.7647058824,45.8823529412,44.7058823529,42.3529411765,39.7058823529,35.8823529412,17.9411764706
47.8947368421,47.6315789474,47.1052631579,42.8947368421,40.7894736842,35.5263157895,18.4210526316
45.0,44.6666666667,43.3333333333,38.3333333333,37.3333333333,30.6666666667,18.6666666667
46.4864864865,45.4054054054,43.7837837838,43.2432432432,41.3513513514,35.1351351351,21.3513513514
46.6666666667,48.5714285714,46.1904761905,42.8571428571,37.619047619,36.1904761905,23.3333333333
43.2142857143,43.2142857143,43.2142857143,38.2142857143,38.2142857143,34.2857142857,20.0
49.0909090909,49.0909090909,46.0606060606,43.6363636364,41.2121212121,35.7575757576,19.696969697
46.4516129032,46.4516129032,46.4516129032,43.5483870968,41.2903225806,34.1935483871,19.3548387097
46.9444444444,46.3888888889,44.4444444444,41.1111111111,38.6111111111,33.8888888889,19.7222222222
45.25,44.5,42.75,38.75,36.5,29.25,12.5
48.0,46.5,44.5,42.5,41.5,39.0,28.0
46.1764705882,45.5882352941,43.5294117647,42.6470588235,40.2941176471,34.1176470588,20.2941176471
47.2727272727,48.1818181818,48.1818181818,42.7272727273,41.3636363636,33.1818181818,24.5454545455
47.9310344828,46.2068965517,44.1379310345,38.9655172414,37.5862068966,33.7931034483,19.3103448276
46.3636363636,45.9090909091,44.0909090909,40.4545454545,40.9090909091,35.9090909091,25.0
47.5862068966,43.7931034483,42.0689655172,39.6551724138,37.5862068966,31.724137931,17.9310344828
48.7096774194,49.0322580645,47.4193548387,42.5806451613,41.2903225806,37.7419354839,20.9677419355
46.8421052632,46.8421052632,44.2105263158,42.8947368421,40.2631578947,33.6842105263,20.2631578947
50.0,49.5238095238,48.0952380952,46.1904761905,45.2380952381,39.5238095238,26.1904761905
46.5789473684,46.5789473684,43.1578947368,41.0526315789,40.7894736842,32.3684210526,18.1578947368
48.3333333333,48.3333333333,45.8333333333,42.9166666667,42.9166666667,36.25,25.4166666667
46.0,46.0,44.4,41.2,40.0,36.8,25.6
48.75,47.9166666667,46.25,43.3333333333,41.25,37.9166666667,27.5
46.1764705882,45.8823529412,43.2352941176,42.6470588235,39.4117647059,32.9411764706,21.4705882353
48.5,48.5,46.5,43.5,41.0,35.5,23.5
47.9310344828,45.1724137931,43.7931034483,41.0344827586,38.275862069,31.3793103448,19.3103448276
49.0476190476,50.0,48.0952380952,44.7619047619,44.7619047619,37.1428571429,22.8571428571
46.9444444444,45.8333333333,42.7777777778,40.8333333333,38.8888888889,31.9444444444,21.1111111111
45.3571428571,45.0,43.5714285714,40.7142857143,38.2142857143,32.5,20.7142857143
49.7297297297,47.5675675676,44.0540540541,42.972972973,38.1081081081,31.8918918919,19.4594594595
48.9655172414,48.275862069,44.1379310345,41.0344827586,38.275862069,34.8275862069,18.9655172414
46.7857142857,46.4285714286,43.9285714286,41.7857142857,38.2142857143,34.2857142857,20.7142857143
45.75,45.5,43.75,38.5,36.25,29.25,11.75
49.5,48.5,46.5,44.0,43.5,36.0,24.5
46.1111111111,45.5555555556,43.3333333333,40.2777777778,40.8333333333,33.6111111111,18.8888888889
48.5714285714,47.1428571429,46.6666666667,43.3333333333,43.8095238095,38.5714285714,28.0952380952
44.1176470588,44.7058823529,41.4705882353,40.8823529412,35.2941176471,32.0588235294,18.8235294118
46.1290322581,45.1612903226,44.5161290323,42.2580645161,39.6774193548,34.8387096774,18.064516129
45.8064516129,46.1290322581,45.1612903226,41.2903225806,39.6774193548,34.1935483871,20.9677419355
45.8333333333,44.1666666667,41.9444444444,39.1666666667,36.6666666667,29.1666666667,12.5
44.75,44.5,44.0,39.5,36.75,28.75,12.75
49.5454545455,49.5454545455,44.0909090909,45.4545454545,41.8181818182,37.7272727273,25.0
47.6666666667,46.0,42.6666666667,41.0,38.6666666667,32.6666666667,18.0
48.2857142857,47.7142857143,44.2857142857,44.2857142857,40.2857142857,32.0,19.4285714286
47.5757575758,47.2727272727,45.1515151515,41.5151515152,40.0,31.5151515152,18.7878787879
49.2857142857,48.2142857143,44.2857142857,40.7142857143,40.0,36.0714285714,23.2142857143
45.6666666667,44.0,42.6666666667,38.3333333333,37.0,31.6666666667,19.0
47.5862068966,46.8965517241,43.1034482759,42.0689655172,40.3448275862,35.1724137931,21.724137931
46.9230769231,46.6666666667,46.1538461538,42.0512820513,39.2307692308,32.0512820513,13.5897435897
45.4054054054,44.5945945946,41.0810810811,37.5675675676,34.8648648649,27.8378378378,12.4324324324
43.8888888889,42.5,41.3888888889,38.3333333333,35.2777777778,26.1111111111,11.3888888889
46.0,44.6666666667,43.0,43.0,38.3333333333,36.3333333333,19.6666666667
45.5,44.25,43.75,39.5,37.25,29.25,13.0
47.619047619,46.1904761905,46.6666666667,40.0,39.0476190476,35.2380952381,25.7142857143
46.6666666667,45.4166666667,41.25,38.75,34.5833333333,30.8333333333,20.8333333333
47.7777777778,45.0,43.3333333333,40.8333333333,34.1666666667,28.0555555556,11.9444444444
47.8260869565,46.5217391304,46.0869565217,43.4782608696,39.1304347826,35.652173913,23.9130434783
47.4358974359,46.9230769231,43.0769230769,40.2564102564,37.6923076923,34.358974359,19.2307692308
44.1666666667,45.0,40.5555555556,35.8333333333,34.1666666667,27.2222222222,12.5
49.0476190476,48.0952380952,44.7619047619,42.380952381,38.0952380952,32.8571428571,25.2380952381
48.275862069,47.2413793103,44.8275862069,42.7586206897,40.3448275862,35.1724137931,18.275862069
44.8717948718,44.1025641026,42.3076923077,37.4358974359,35.8974358974,30.2564102564,17.1794871795
48.9285714286,48.9285714286,48.2142857143,42.8571428571,42.1428571429,34.2857142857,20.0
47.0,44.5,43.5,41.0,37.0,35.0,25.5
49.5652173913,50.0,46.9565217391,45.652173913,42.1739130435,36.0869565217,23.0434782609
44.7826086957,43.9130434783,43.4782608696,38.6956521739,37.8260869565,32.6086956522,21.7391304348
46.1111111111,45.2777777778,42.2222222222,39.4444444444,35.5555555556,30.8333333333,12.7777777778
50.0,48.275862069,45.5172413793,44.1379310345,38.9655172414,34.8275862069,18.275862069
48.0,48.5,46.5,42.5,44.0,37.0,25.5
46.5217391304,45.652173913,43.0434782609,40.0,38.2608695652,33.0434782609,25.2173913043
48.064516129,46.4516129032,44.5161290323,41.2903225806,37.4193548387,34.5161290323,19.6774193548
47.9411764706,47.3529411765,44.4117647059,41.7647058824,37.9411764706,34.4117647059,20.5882352941
50.0,49.5454545455,49.0909090909,47.7272727273,43.6363636364,41.8181818182,26.3636363636
42.0689655172,41.724137931,40.6896551724,39.3103448276,35.8620689655,29.6551724138,17.9310344828
46.1290322581,45.4838709677,42.5806451613,38.3870967742,37.7419354839,30.6451612903,18.7096774194
44.5454545455,45.4545454545,43.1818181818,40.4545454545,37.7272727273,31.8181818182,24.5454545455
48.2352941176,47.0588235294,42.6470588235,42.3529411765,40.0,36.7647058824,20.5882352941
47.1428571429,46.8571428571,43.4285714286,42.0,37.7142857143,34.5714285714,21.4285714286
46.7567567568,46.2162162162,43.5135135135,39.7297297297,34.0540540541,26.7567567568,11.8918918919
